datetime,PIR
2013-08-28 00:00:09,0.0
2013-08-28 00:00:19,0.0
2013-08-28 00:00:29,0.0
2013-08-28 00:00:39,0.0
2013-08-28 00:00:49,0.0
2013-08-28 00:00:59,0.0
2013-08-28 00:01:09,0.0
2013-08-28 00:01:19,0.0
2013-08-28 00:01:29,0.0
2013-08-28 00:01:39,0.0
2013-08-28 00:01:49,0.0
2013-08-28 00:01:59,0.0
2013-08-28 00:02:09,0.0
2013-08-28 00:02:19,0.0
2013-08-28 00:02:29,0.0
2013-08-28 00:02:39,0.0
2013-08-28 00:02:49,0.0
2013-08-28 00:02:59,0.0
2013-08-28 00:03:09,0.0
2013-08-28 00:03:19,0.0
2013-08-28 00:03:29,0.0
2013-08-28 00:03:39,0.0
2013-08-28 00:03:49,0.0
2013-08-28 00:03:59,0.0
2013-08-28 00:04:09,0.0
2013-08-28 00:04:19,0.0
2013-08-28 00:04:29,0.0
2013-08-28 00:04:39,0.0
2013-08-28 00:04:49,0.0
2013-08-28 00:04:59,0.0
2013-08-28 00:05:09,0.0
2013-08-28 00:05:19,0.0
2013-08-28 00:05:29,0.0
2013-08-28 00:05:39,0.0
2013-08-28 00:05:49,0.0
2013-08-28 00:05:59,0.0
2013-08-28 00:06:09,0.0
2013-08-28 00:06:19,0.0
2013-08-28 00:06:29,0.0
2013-08-28 00:06:39,0.0
2013-08-28 00:06:49,0.0
2013-08-28 00:06:59,0.0
2013-08-28 00:07:09,0.0
2013-08-28 00:07:19,0.0
2013-08-28 00:07:29,0.0
2013-08-28 00:07:39,0.0
2013-08-28 00:07:49,0.0
2013-08-28 00:07:59,0.0
2013-08-28 00:08:09,0.0
2013-08-28 00:08:19,0.0
2013-08-28 00:08:29,0.0
2013-08-28 00:08:39,0.0
2013-08-28 00:08:49,0.0
2013-08-28 00:08:59,0.0
2013-08-28 00:09:09,0.0
2013-08-28 00:09:19,0.0
2013-08-28 00:09:29,0.0
2013-08-28 00:09:39,0.0
2013-08-28 00:09:49,0.0
2013-08-28 00:09:59,0.0
2013-08-28 00:10:09,0.0
2013-08-28 00:10:19,0.0
2013-08-28 00:10:29,0.0
2013-08-28 00:10:39,0.0
2013-08-28 00:10:49,0.0
2013-08-28 00:10:59,0.0
2013-08-28 00:11:09,0.0
2013-08-28 00:11:19,0.0
2013-08-28 00:11:29,0.0
2013-08-28 00:11:39,0.0
2013-08-28 00:11:49,0.0
2013-08-28 00:11:59,0.0
2013-08-28 00:12:09,0.0
2013-08-28 00:12:19,0.0
2013-08-28 00:12:29,0.0
2013-08-28 00:12:39,0.0
2013-08-28 00:12:49,0.0
2013-08-28 00:12:59,0.0
2013-08-28 00:13:09,0.0
2013-08-28 00:13:19,0.0
2013-08-28 00:13:29,0.0
2013-08-28 00:13:39,0.0
2013-08-28 00:13:49,0.0
2013-08-28 00:13:59,0.0
2013-08-28 00:14:09,0.0
2013-08-28 00:14:19,0.0
2013-08-28 00:14:29,0.0
2013-08-28 00:14:39,0.0
2013-08-28 00:14:49,0.0
2013-08-28 00:14:59,0.0
2013-08-28 00:15:09,0.0
2013-08-28 00:15:19,0.0
2013-08-28 00:15:29,0.0
2013-08-28 00:15:39,0.0
2013-08-28 00:15:49,0.0
2013-08-28 00:15:59,0.0
2013-08-28 00:16:09,0.0
2013-08-28 00:16:19,0.0
2013-08-28 00:16:29,0.0
2013-08-28 00:16:39,0.0
2013-08-28 00:16:49,0.0
2013-08-28 00:16:59,0.0
2013-08-28 00:17:09,0.0
2013-08-28 00:17:19,0.0
2013-08-28 00:17:29,0.0
2013-08-28 00:17:39,0.0
2013-08-28 00:17:49,0.0
2013-08-28 00:17:59,0.0
2013-08-28 00:18:09,0.0
2013-08-28 00:18:19,0.0
2013-08-28 00:18:29,0.0
2013-08-28 00:18:39,0.0
2013-08-28 00:18:49,0.0
2013-08-28 00:18:59,0.0
2013-08-28 00:19:09,0.0
2013-08-28 00:19:19,0.0
2013-08-28 00:19:29,0.0
2013-08-28 00:19:39,0.0
2013-08-28 00:19:49,0.0
2013-08-28 00:19:59,0.0
2013-08-28 00:20:09,0.0
2013-08-28 00:20:19,0.0
2013-08-28 00:20:29,0.0
2013-08-28 00:20:39,0.0
2013-08-28 00:20:49,0.0
2013-08-28 00:20:59,0.0
2013-08-28 00:21:09,0.0
2013-08-28 00:21:19,0.0
2013-08-28 00:21:29,0.0
2013-08-28 00:21:39,0.0
2013-08-28 00:21:49,0.0
2013-08-28 00:21:59,0.0
2013-08-28 00:22:09,0.0
2013-08-28 00:22:19,0.0
2013-08-28 00:22:29,0.0
2013-08-28 00:22:39,0.0
2013-08-28 00:22:49,0.0
2013-08-28 00:22:59,0.0
2013-08-28 00:23:09,0.0
2013-08-28 00:23:19,0.0
2013-08-28 00:23:29,0.0
2013-08-28 00:23:39,0.0
2013-08-28 00:23:49,0.0
2013-08-28 00:23:59,0.0
2013-08-28 00:24:09,0.0
2013-08-28 00:24:19,0.0
2013-08-28 00:24:29,0.0
2013-08-28 00:24:39,0.0
2013-08-28 00:24:49,0.0
2013-08-28 00:24:59,0.0
2013-08-28 00:25:09,0.0
2013-08-28 00:25:19,0.0
2013-08-28 00:25:29,0.0
2013-08-28 00:25:39,0.0
2013-08-28 00:25:49,0.0
2013-08-28 00:25:59,0.0
2013-08-28 00:26:09,0.0
2013-08-28 00:26:19,0.0
2013-08-28 00:26:29,0.0
2013-08-28 00:26:39,0.0
2013-08-28 00:26:49,0.0
2013-08-28 00:26:59,0.0
2013-08-28 00:27:09,0.0
2013-08-28 00:27:19,0.0
2013-08-28 00:27:29,0.0
2013-08-28 00:27:39,0.0
2013-08-28 00:27:49,0.0
2013-08-28 00:27:59,0.0
2013-08-28 00:28:09,0.0
2013-08-28 00:28:19,0.0
2013-08-28 00:28:29,0.0
2013-08-28 00:28:39,0.0
2013-08-28 00:28:49,0.0
2013-08-28 00:28:59,0.0
2013-08-28 00:29:09,0.0
2013-08-28 00:29:19,0.0
2013-08-28 00:29:29,0.0
2013-08-28 00:29:39,0.0
2013-08-28 00:29:49,0.0
2013-08-28 00:29:59,0.0
2013-08-28 00:30:09,0.0
2013-08-28 00:30:19,0.0
2013-08-28 00:30:29,0.0
2013-08-28 00:30:39,0.0
2013-08-28 00:30:49,0.0
2013-08-28 00:30:59,0.0
2013-08-28 00:31:09,0.0
2013-08-28 00:31:19,0.0
2013-08-28 00:31:29,0.0
2013-08-28 00:31:39,0.0
2013-08-28 00:31:49,0.0
2013-08-28 00:31:59,0.0
2013-08-28 00:32:09,0.0
2013-08-28 00:32:19,0.0
2013-08-28 00:32:29,0.0
2013-08-28 00:32:39,0.0
2013-08-28 00:32:49,0.0
2013-08-28 00:32:59,0.0
2013-08-28 00:33:09,0.0
2013-08-28 00:33:19,0.0
2013-08-28 00:33:29,0.0
2013-08-28 00:33:39,0.0
2013-08-28 00:33:49,0.0
2013-08-28 00:33:59,0.0
2013-08-28 00:34:09,0.0
2013-08-28 00:34:19,0.0
2013-08-28 00:34:29,0.0
2013-08-28 00:34:39,0.0
2013-08-28 00:34:49,0.0
2013-08-28 00:34:59,0.0
2013-08-28 00:35:09,0.0
2013-08-28 00:35:19,0.0
2013-08-28 00:35:29,0.0
2013-08-28 00:35:39,0.0
2013-08-28 00:35:49,0.0
2013-08-28 00:35:59,0.0
2013-08-28 00:36:09,0.0
2013-08-28 00:36:19,0.0
2013-08-28 00:36:29,0.0
2013-08-28 00:36:39,0.0
2013-08-28 00:36:49,0.0
2013-08-28 00:36:59,0.0
2013-08-28 00:37:09,0.0
2013-08-28 00:37:19,0.0
2013-08-28 00:37:29,0.0
2013-08-28 00:37:39,0.0
2013-08-28 00:37:49,0.0
2013-08-28 00:37:59,0.0
2013-08-28 00:38:09,0.0
2013-08-28 00:38:19,0.0
2013-08-28 00:38:29,0.0
2013-08-28 00:38:39,0.0
2013-08-28 00:38:49,0.0
2013-08-28 00:38:59,0.0
2013-08-28 00:39:09,0.0
2013-08-28 00:39:19,0.0
2013-08-28 00:39:29,0.0
2013-08-28 00:39:39,0.0
2013-08-28 00:39:49,0.0
2013-08-28 00:39:59,0.0
2013-08-28 00:40:09,0.0
2013-08-28 00:40:19,0.0
2013-08-28 00:40:29,0.0
2013-08-28 00:40:39,0.0
2013-08-28 00:40:49,0.0
2013-08-28 00:40:59,0.0
2013-08-28 00:41:09,0.0
2013-08-28 00:41:19,0.0
2013-08-28 00:41:29,0.0
2013-08-28 00:41:39,0.0
2013-08-28 00:41:49,0.0
2013-08-28 00:41:59,0.0
2013-08-28 00:42:09,0.0
2013-08-28 00:42:19,0.0
2013-08-28 00:42:29,0.0
2013-08-28 00:42:39,0.0
2013-08-28 00:42:49,0.0
2013-08-28 00:42:59,0.0
2013-08-28 00:43:09,0.0
2013-08-28 00:43:19,0.0
2013-08-28 00:43:29,0.0
2013-08-28 00:43:39,0.0
2013-08-28 00:43:49,0.0
2013-08-28 00:43:59,0.0
2013-08-28 00:44:09,0.0
2013-08-28 00:44:19,0.0
2013-08-28 00:44:29,0.0
2013-08-28 00:44:39,0.0
2013-08-28 00:44:49,0.0
2013-08-28 00:44:59,0.0
2013-08-28 00:45:09,0.0
2013-08-28 00:45:19,0.0
2013-08-28 00:45:29,0.0
2013-08-28 00:45:39,0.0
2013-08-28 00:45:49,0.0
2013-08-28 00:45:59,0.0
2013-08-28 00:46:09,0.0
2013-08-28 00:46:19,0.0
2013-08-28 00:46:29,0.0
2013-08-28 00:46:39,0.0
2013-08-28 00:46:49,0.0
2013-08-28 00:46:59,0.0
2013-08-28 00:47:09,0.0
2013-08-28 00:47:19,0.0
2013-08-28 00:47:29,0.0
2013-08-28 00:47:39,0.0
2013-08-28 00:47:49,0.0
2013-08-28 00:47:59,0.0
2013-08-28 00:48:09,0.0
2013-08-28 00:48:19,0.0
2013-08-28 00:48:29,0.0
2013-08-28 00:48:39,0.0
2013-08-28 00:48:49,0.0
2013-08-28 00:48:59,0.0
2013-08-28 00:49:09,0.0
2013-08-28 00:49:19,0.0
2013-08-28 00:49:29,0.0
2013-08-28 00:49:39,0.0
2013-08-28 00:49:49,0.0
2013-08-28 00:49:59,0.0
2013-08-28 00:50:09,0.0
2013-08-28 00:50:19,0.0
2013-08-28 00:50:29,0.0
2013-08-28 00:50:39,0.0
2013-08-28 00:50:49,0.0
2013-08-28 00:50:59,0.0
2013-08-28 00:51:09,0.0
2013-08-28 00:51:19,0.0
2013-08-28 00:51:29,0.0
2013-08-28 00:51:39,0.0
2013-08-28 00:51:49,0.0
2013-08-28 00:51:59,0.0
2013-08-28 00:52:09,0.0
2013-08-28 00:52:19,0.0
2013-08-28 00:52:29,0.0
2013-08-28 00:52:39,0.0
2013-08-28 00:52:49,0.0
2013-08-28 00:52:59,0.0
2013-08-28 00:53:09,0.0
2013-08-28 00:53:19,0.0
2013-08-28 00:53:29,0.0
2013-08-28 00:53:39,0.0
2013-08-28 00:53:49,0.0
2013-08-28 00:53:59,0.0
2013-08-28 00:54:09,0.0
2013-08-28 00:54:19,0.0
2013-08-28 00:54:29,0.0
2013-08-28 00:54:39,0.0
2013-08-28 00:54:49,0.0
2013-08-28 00:54:59,0.0
2013-08-28 00:55:09,0.0
2013-08-28 00:55:19,0.0
2013-08-28 00:55:29,0.0
2013-08-28 00:55:39,0.0
2013-08-28 00:55:49,0.0
2013-08-28 00:55:59,0.0
2013-08-28 00:56:09,0.0
2013-08-28 00:56:19,0.0
2013-08-28 00:56:29,0.0
2013-08-28 00:56:39,0.0
2013-08-28 00:56:49,0.0
2013-08-28 00:56:59,0.0
2013-08-28 00:57:09,0.0
2013-08-28 00:57:19,0.0
2013-08-28 00:57:29,0.0
2013-08-28 00:57:39,0.0
2013-08-28 00:57:49,0.0
2013-08-28 00:57:59,0.0
2013-08-28 00:58:09,0.0
2013-08-28 00:58:19,0.0
2013-08-28 00:58:29,0.0
2013-08-28 00:58:39,0.0
2013-08-28 00:58:49,0.0
2013-08-28 00:58:59,0.0
2013-08-28 00:59:09,0.0
2013-08-28 00:59:19,0.0
2013-08-28 00:59:29,0.0
2013-08-28 00:59:39,0.0
2013-08-28 00:59:49,0.0
2013-08-28 00:59:59,0.0
2013-08-28 01:00:09,0.0
2013-08-28 01:00:19,0.0
2013-08-28 01:00:29,0.0
2013-08-28 01:00:39,0.0
2013-08-28 01:00:49,0.0
2013-08-28 01:00:59,0.0
2013-08-28 01:01:09,0.0
2013-08-28 01:01:19,0.0
2013-08-28 01:01:29,0.0
2013-08-28 01:01:39,0.0
2013-08-28 01:01:49,0.0
2013-08-28 01:01:59,0.0
2013-08-28 01:02:09,0.0
2013-08-28 01:02:19,0.0
2013-08-28 01:02:29,0.0
2013-08-28 01:02:39,0.0
2013-08-28 01:02:49,0.0
2013-08-28 01:02:59,0.0
2013-08-28 01:03:09,0.0
2013-08-28 01:03:19,0.0
2013-08-28 01:03:29,0.0
2013-08-28 01:03:39,0.0
2013-08-28 01:03:49,0.0
2013-08-28 01:03:59,0.0
2013-08-28 01:04:09,0.0
2013-08-28 01:04:19,0.0
2013-08-28 01:04:29,0.0
2013-08-28 01:04:39,0.0
2013-08-28 01:04:49,0.0
2013-08-28 01:04:59,0.0
2013-08-28 01:05:09,0.0
2013-08-28 01:05:19,0.0
2013-08-28 01:05:29,0.0
2013-08-28 01:05:39,0.0
2013-08-28 01:05:49,0.0
2013-08-28 01:05:59,0.0
2013-08-28 01:06:09,0.0
2013-08-28 01:06:19,0.0
2013-08-28 01:06:29,0.0
2013-08-28 01:06:39,0.0
2013-08-28 01:06:49,0.0
2013-08-28 01:06:59,0.0
2013-08-28 01:07:09,0.0
2013-08-28 01:07:19,0.0
2013-08-28 01:07:29,0.0
2013-08-28 01:07:39,0.0
2013-08-28 01:07:49,0.0
2013-08-28 01:07:59,0.0
2013-08-28 01:08:09,0.0
2013-08-28 01:08:19,0.0
2013-08-28 01:08:29,0.0
2013-08-28 01:08:39,0.0
2013-08-28 01:08:49,0.0
2013-08-28 01:08:59,0.0
2013-08-28 01:09:09,0.0
2013-08-28 01:09:19,0.0
2013-08-28 01:09:29,0.0
2013-08-28 01:09:39,0.0
2013-08-28 01:09:49,0.0
2013-08-28 01:09:59,0.0
2013-08-28 01:10:09,0.0
2013-08-28 01:10:19,0.0
2013-08-28 01:10:29,0.0
2013-08-28 01:10:39,0.0
2013-08-28 01:10:49,0.0
2013-08-28 01:10:59,0.0
2013-08-28 01:11:09,0.0
2013-08-28 01:11:19,0.0
2013-08-28 01:11:29,0.0
2013-08-28 01:11:39,0.0
2013-08-28 01:11:49,0.0
2013-08-28 01:11:59,0.0
2013-08-28 01:12:09,0.0
2013-08-28 01:12:19,0.0
2013-08-28 01:12:29,0.0
2013-08-28 01:12:39,0.0
2013-08-28 01:12:49,0.0
2013-08-28 01:12:59,0.0
2013-08-28 01:13:09,0.0
2013-08-28 01:13:19,0.0
2013-08-28 01:13:29,0.0
2013-08-28 01:13:39,0.0
2013-08-28 01:13:49,0.0
2013-08-28 01:13:59,0.0
2013-08-28 01:14:09,0.0
2013-08-28 01:14:19,0.0
2013-08-28 01:14:29,0.0
2013-08-28 01:14:39,0.0
2013-08-28 01:14:49,0.0
2013-08-28 01:14:59,0.0
2013-08-28 01:15:09,0.0
2013-08-28 01:15:19,0.0
2013-08-28 01:15:29,0.0
2013-08-28 01:15:39,0.0
2013-08-28 01:15:49,0.0
2013-08-28 01:15:59,0.0
2013-08-28 01:16:09,0.0
2013-08-28 01:16:19,0.0
2013-08-28 01:16:29,0.0
2013-08-28 01:16:39,0.0
2013-08-28 01:16:49,0.0
2013-08-28 01:16:59,0.0
2013-08-28 01:17:09,0.0
2013-08-28 01:17:19,0.0
2013-08-28 01:17:29,0.0
2013-08-28 01:17:39,0.0
2013-08-28 01:17:49,0.0
2013-08-28 01:17:59,0.0
2013-08-28 01:18:09,0.0
2013-08-28 01:18:19,0.0
2013-08-28 01:18:29,0.0
2013-08-28 01:18:39,0.0
2013-08-28 01:18:49,0.0
2013-08-28 01:18:59,0.0
2013-08-28 01:19:09,0.0
2013-08-28 01:19:19,0.0
2013-08-28 01:19:29,0.0
2013-08-28 01:19:39,0.0
2013-08-28 01:19:49,0.0
2013-08-28 01:19:59,0.0
2013-08-28 01:20:09,0.0
2013-08-28 01:20:19,0.0
2013-08-28 01:20:29,0.0
2013-08-28 01:20:39,0.0
2013-08-28 01:20:49,0.0
2013-08-28 01:20:59,0.0
2013-08-28 01:21:09,0.0
2013-08-28 01:21:19,0.0
2013-08-28 01:21:29,0.0
2013-08-28 01:21:39,0.0
2013-08-28 01:21:49,0.0
2013-08-28 01:21:59,0.0
2013-08-28 01:22:09,0.0
2013-08-28 01:22:19,0.0
2013-08-28 01:22:29,0.0
2013-08-28 01:22:39,0.0
2013-08-28 01:22:49,0.0
2013-08-28 01:22:59,0.0
2013-08-28 01:23:09,0.0
2013-08-28 01:23:19,0.0
2013-08-28 01:23:29,0.0
2013-08-28 01:23:39,0.0
2013-08-28 01:23:49,0.0
2013-08-28 01:23:59,0.0
2013-08-28 01:24:09,0.0
2013-08-28 01:24:19,0.0
2013-08-28 01:24:29,0.0
2013-08-28 01:24:39,0.0
2013-08-28 01:24:49,0.0
2013-08-28 01:24:59,0.0
2013-08-28 01:25:09,0.0
2013-08-28 01:25:19,0.0
2013-08-28 01:25:29,0.0
2013-08-28 01:25:39,0.0
2013-08-28 01:25:49,0.0
2013-08-28 01:25:59,0.0
2013-08-28 01:26:09,0.0
2013-08-28 01:26:19,0.0
2013-08-28 01:26:29,0.0
2013-08-28 01:26:39,0.0
2013-08-28 01:26:49,0.0
2013-08-28 01:26:59,0.0
2013-08-28 01:27:09,0.0
2013-08-28 01:27:19,0.0
2013-08-28 01:27:29,0.0
2013-08-28 01:27:39,0.0
2013-08-28 01:27:49,0.0
2013-08-28 01:27:59,0.0
2013-08-28 01:28:09,0.0
2013-08-28 01:28:19,0.0
2013-08-28 01:28:29,0.0
2013-08-28 01:28:39,0.0
2013-08-28 01:28:49,0.0
2013-08-28 01:28:59,0.0
2013-08-28 01:29:09,0.0
2013-08-28 01:29:19,0.0
2013-08-28 01:29:29,0.0
2013-08-28 01:29:39,0.0
2013-08-28 01:29:49,0.0
2013-08-28 01:29:59,0.0
2013-08-28 01:30:09,0.0
2013-08-28 01:30:19,0.0
2013-08-28 01:30:29,0.0
2013-08-28 01:30:39,0.0
2013-08-28 01:30:49,0.0
2013-08-28 01:30:59,0.0
2013-08-28 01:31:09,0.0
2013-08-28 01:31:19,0.0
2013-08-28 01:31:29,0.0
2013-08-28 01:31:39,0.0
2013-08-28 01:31:49,0.0
2013-08-28 01:31:59,0.0
2013-08-28 01:32:09,0.0
2013-08-28 01:32:19,0.0
2013-08-28 01:32:29,0.0
2013-08-28 01:32:39,0.0
2013-08-28 01:32:49,0.0
2013-08-28 01:32:59,0.0
2013-08-28 01:33:09,0.0
2013-08-28 01:33:19,0.0
2013-08-28 01:33:29,0.0
2013-08-28 01:33:39,0.0
2013-08-28 01:33:49,0.0
2013-08-28 01:33:59,0.0
2013-08-28 01:34:09,0.0
2013-08-28 01:34:19,0.0
2013-08-28 01:34:29,0.0
2013-08-28 01:34:39,0.0
2013-08-28 01:34:49,0.0
2013-08-28 01:34:59,0.0
2013-08-28 01:35:09,0.0
2013-08-28 01:35:19,0.0
2013-08-28 01:35:29,0.0
2013-08-28 01:35:39,0.0
2013-08-28 01:35:49,0.0
2013-08-28 01:35:59,0.0
2013-08-28 01:36:09,0.0
2013-08-28 01:36:19,0.0
2013-08-28 01:36:29,0.0
2013-08-28 01:36:39,0.0
2013-08-28 01:36:49,0.0
2013-08-28 01:36:59,0.0
2013-08-28 01:37:09,0.0
2013-08-28 01:37:19,0.0
2013-08-28 01:37:29,0.0
2013-08-28 01:37:39,0.0
2013-08-28 01:37:49,0.0
2013-08-28 01:37:59,0.0
2013-08-28 01:38:09,0.0
2013-08-28 01:38:19,0.0
2013-08-28 01:38:29,0.0
2013-08-28 01:38:39,0.0
2013-08-28 01:38:49,0.0
2013-08-28 01:38:59,0.0
2013-08-28 01:39:09,0.0
2013-08-28 01:39:19,0.0
2013-08-28 01:39:29,0.0
2013-08-28 01:39:39,0.0
2013-08-28 01:39:49,0.0
2013-08-28 01:39:59,0.0
2013-08-28 01:40:09,0.0
2013-08-28 01:40:19,0.0
2013-08-28 01:40:29,0.0
2013-08-28 01:40:39,0.0
2013-08-28 01:40:49,0.0
2013-08-28 01:40:59,0.0
2013-08-28 01:41:09,0.0
2013-08-28 01:41:19,0.0
2013-08-28 01:41:29,0.0
2013-08-28 01:41:39,0.0
2013-08-28 01:41:49,0.0
2013-08-28 01:41:59,0.0
2013-08-28 01:42:09,0.0
2013-08-28 01:42:19,0.0
2013-08-28 01:42:29,0.0
2013-08-28 01:42:39,0.0
2013-08-28 01:42:49,0.0
2013-08-28 01:42:59,0.0
2013-08-28 01:43:09,0.0
2013-08-28 01:43:19,0.0
2013-08-28 01:43:29,0.0
2013-08-28 01:43:39,0.0
2013-08-28 01:43:49,0.0
2013-08-28 01:43:59,0.0
2013-08-28 01:44:09,0.0
2013-08-28 01:44:19,0.0
2013-08-28 01:44:29,0.0
2013-08-28 01:44:39,0.0
2013-08-28 01:44:49,0.0
2013-08-28 01:44:59,0.0
2013-08-28 01:45:09,0.0
2013-08-28 01:45:19,0.0
2013-08-28 01:45:29,0.0
2013-08-28 01:45:39,0.0
2013-08-28 01:45:49,0.0
2013-08-28 01:45:59,0.0
2013-08-28 01:46:09,0.0
2013-08-28 01:46:19,0.0
2013-08-28 01:46:29,0.0
2013-08-28 01:46:39,0.0
2013-08-28 01:46:49,0.0
2013-08-28 01:46:59,0.0
2013-08-28 01:47:09,0.0
2013-08-28 01:47:19,0.0
2013-08-28 01:47:29,0.0
2013-08-28 01:47:39,0.0
2013-08-28 01:47:49,0.0
2013-08-28 01:47:59,0.0
2013-08-28 01:48:09,0.0
2013-08-28 01:48:19,0.0
2013-08-28 01:48:29,0.0
2013-08-28 01:48:39,0.0
2013-08-28 01:48:49,0.0
2013-08-28 01:48:59,0.0
2013-08-28 01:49:09,0.0
2013-08-28 01:49:19,0.0
2013-08-28 01:49:29,0.0
2013-08-28 01:49:39,0.0
2013-08-28 01:49:49,0.0
2013-08-28 01:49:59,0.0
2013-08-28 01:50:09,0.0
2013-08-28 01:50:19,0.0
2013-08-28 01:50:29,0.0
2013-08-28 01:50:39,0.0
2013-08-28 01:50:49,0.0
2013-08-28 01:50:59,0.0
2013-08-28 01:51:09,0.0
2013-08-28 01:51:19,0.0
2013-08-28 01:51:29,0.0
2013-08-28 01:51:39,0.0
2013-08-28 01:51:49,0.0
2013-08-28 01:51:59,0.0
2013-08-28 01:52:09,0.0
2013-08-28 01:52:19,0.0
2013-08-28 01:52:29,0.0
2013-08-28 01:52:39,0.0
2013-08-28 01:52:49,0.0
2013-08-28 01:52:59,0.0
2013-08-28 01:53:09,0.0
2013-08-28 01:53:19,0.0
2013-08-28 01:53:29,0.0
2013-08-28 01:53:39,0.0
2013-08-28 01:53:49,0.0
2013-08-28 01:53:59,0.0
2013-08-28 01:54:09,0.0
2013-08-28 01:54:19,0.0
2013-08-28 01:54:29,0.0
2013-08-28 01:54:39,0.0
2013-08-28 01:54:49,0.0
2013-08-28 01:54:59,0.0
2013-08-28 01:55:09,0.0
2013-08-28 01:55:19,0.0
2013-08-28 01:55:29,0.0
2013-08-28 01:55:39,0.0
2013-08-28 01:55:49,0.0
2013-08-28 01:55:59,0.0
2013-08-28 01:56:09,0.0
2013-08-28 01:56:19,0.0
2013-08-28 01:56:29,0.0
2013-08-28 01:56:39,0.0
2013-08-28 01:56:49,0.0
2013-08-28 01:56:59,0.0
2013-08-28 01:57:09,0.0
2013-08-28 01:57:19,0.0
2013-08-28 01:57:29,0.0
2013-08-28 01:57:39,0.0
2013-08-28 01:57:49,0.0
2013-08-28 01:57:59,0.0
2013-08-28 01:58:09,0.0
2013-08-28 01:58:19,0.0
2013-08-28 01:58:29,0.0
2013-08-28 01:58:39,0.0
2013-08-28 01:58:49,0.0
2013-08-28 01:58:59,0.0
2013-08-28 01:59:09,0.0
2013-08-28 01:59:19,0.0
2013-08-28 01:59:29,0.0
2013-08-28 01:59:39,0.0
2013-08-28 01:59:49,0.0
2013-08-28 01:59:59,0.0
2013-08-28 02:00:09,0.0
2013-08-28 02:00:19,0.0
2013-08-28 02:00:29,0.0
2013-08-28 02:00:39,0.0
2013-08-28 02:00:49,0.0
2013-08-28 02:00:59,0.0
2013-08-28 02:01:09,0.0
2013-08-28 02:01:19,0.0
2013-08-28 02:01:29,0.0
2013-08-28 02:01:39,0.0
2013-08-28 02:01:49,0.0
2013-08-28 02:01:59,0.0
2013-08-28 02:02:09,0.0
2013-08-28 02:02:19,0.0
2013-08-28 02:02:29,0.0
2013-08-28 02:02:39,0.0
2013-08-28 02:02:49,0.0
2013-08-28 02:02:59,0.0
2013-08-28 02:03:09,0.0
2013-08-28 02:03:19,0.0
2013-08-28 02:03:29,0.0
2013-08-28 02:03:39,0.0
2013-08-28 02:03:49,0.0
2013-08-28 02:03:59,0.0
2013-08-28 02:04:09,0.0
2013-08-28 02:04:19,0.0
2013-08-28 02:04:29,0.0
2013-08-28 02:04:39,0.0
2013-08-28 02:04:49,0.0
2013-08-28 02:04:59,0.0
2013-08-28 02:05:09,0.0
2013-08-28 02:05:19,0.0
2013-08-28 02:05:29,0.0
2013-08-28 02:05:39,0.0
2013-08-28 02:05:49,0.0
2013-08-28 02:05:59,0.0
2013-08-28 02:06:09,0.0
2013-08-28 02:06:19,0.0
2013-08-28 02:06:29,0.0
2013-08-28 02:06:39,0.0
2013-08-28 02:06:49,0.0
2013-08-28 02:06:59,0.0
2013-08-28 02:07:09,0.0
2013-08-28 02:07:19,0.0
2013-08-28 02:07:29,0.0
2013-08-28 02:07:39,0.0
2013-08-28 02:07:49,0.0
2013-08-28 02:07:59,0.0
2013-08-28 02:08:09,0.0
2013-08-28 02:08:19,0.0
2013-08-28 02:08:29,0.0
2013-08-28 02:08:39,0.0
2013-08-28 02:08:49,0.0
2013-08-28 02:08:59,0.0
2013-08-28 02:09:09,0.0
2013-08-28 02:09:19,0.0
2013-08-28 02:09:29,0.0
2013-08-28 02:09:39,0.0
2013-08-28 02:09:49,0.0
2013-08-28 02:09:59,0.0
2013-08-28 02:10:09,0.0
2013-08-28 02:10:19,0.0
2013-08-28 02:10:29,0.0
2013-08-28 02:10:39,0.0
2013-08-28 02:10:49,0.0
2013-08-28 02:10:59,0.0
2013-08-28 02:11:09,0.0
2013-08-28 02:11:19,0.0
2013-08-28 02:11:29,0.0
2013-08-28 02:11:39,0.0
2013-08-28 02:11:49,0.0
2013-08-28 02:11:59,0.0
2013-08-28 02:12:09,0.0
2013-08-28 02:12:19,0.0
2013-08-28 02:12:29,0.0
2013-08-28 02:12:39,0.0
2013-08-28 02:12:49,0.0
2013-08-28 02:12:59,0.0
2013-08-28 02:13:09,0.0
2013-08-28 02:13:19,0.0
2013-08-28 02:13:29,0.0
2013-08-28 02:13:39,0.0
2013-08-28 02:13:49,0.0
2013-08-28 02:13:59,0.0
2013-08-28 02:14:09,0.0
2013-08-28 02:14:19,0.0
2013-08-28 02:14:29,0.0
2013-08-28 02:14:39,0.0
2013-08-28 02:14:49,0.0
2013-08-28 02:14:59,0.0
2013-08-28 02:15:09,0.0
2013-08-28 02:15:19,0.0
2013-08-28 02:15:29,0.0
2013-08-28 02:15:39,0.0
2013-08-28 02:15:49,0.0
2013-08-28 02:15:59,0.0
2013-08-28 02:16:09,0.0
2013-08-28 02:16:19,0.0
2013-08-28 02:16:29,0.0
2013-08-28 02:16:39,0.0
2013-08-28 02:16:49,0.0
2013-08-28 02:16:59,0.0
2013-08-28 02:17:09,0.0
2013-08-28 02:17:19,0.0
2013-08-28 02:17:29,0.0
2013-08-28 02:17:39,0.0
2013-08-28 02:17:49,0.0
2013-08-28 02:17:59,0.0
2013-08-28 02:18:09,0.0
2013-08-28 02:18:19,0.0
2013-08-28 02:18:29,0.0
2013-08-28 02:18:39,0.0
2013-08-28 02:18:49,0.0
2013-08-28 02:18:59,0.0
2013-08-28 02:19:09,0.0
2013-08-28 02:19:19,0.0
2013-08-28 02:19:29,0.0
2013-08-28 02:19:39,0.0
2013-08-28 02:19:49,0.0
2013-08-28 02:19:59,0.0
2013-08-28 02:20:09,0.0
2013-08-28 02:20:19,0.0
2013-08-28 02:20:29,0.0
2013-08-28 02:20:39,0.0
2013-08-28 02:20:49,0.0
2013-08-28 02:20:59,0.0
2013-08-28 02:21:09,0.0
2013-08-28 02:21:19,0.0
2013-08-28 02:21:29,0.0
2013-08-28 02:21:39,0.0
2013-08-28 02:21:49,0.0
2013-08-28 02:21:59,0.0
2013-08-28 02:22:09,0.0
2013-08-28 02:22:19,0.0
2013-08-28 02:22:29,0.0
2013-08-28 02:22:39,0.0
2013-08-28 02:22:49,0.0
2013-08-28 02:22:59,0.0
2013-08-28 02:23:09,0.0
2013-08-28 02:23:19,0.0
2013-08-28 02:23:29,0.0
2013-08-28 02:23:39,0.0
2013-08-28 02:23:49,0.0
2013-08-28 02:23:59,0.0
2013-08-28 02:24:09,0.0
2013-08-28 02:24:19,0.0
2013-08-28 02:24:29,0.0
2013-08-28 02:24:39,0.0
2013-08-28 02:24:49,0.0
2013-08-28 02:24:59,0.0
2013-08-28 02:25:09,0.0
2013-08-28 02:25:19,0.0
2013-08-28 02:25:29,0.0
2013-08-28 02:25:39,0.0
2013-08-28 02:25:49,0.0
2013-08-28 02:25:59,0.0
2013-08-28 02:26:09,0.0
2013-08-28 02:26:19,0.0
2013-08-28 02:26:29,0.0
2013-08-28 02:26:39,0.0
2013-08-28 02:26:49,0.0
2013-08-28 02:26:59,0.0
2013-08-28 02:27:09,0.0
2013-08-28 02:27:19,0.0
2013-08-28 02:27:29,0.0
2013-08-28 02:27:39,0.0
2013-08-28 02:27:49,0.0
2013-08-28 02:27:59,0.0
2013-08-28 02:28:09,0.0
2013-08-28 02:28:19,0.0
2013-08-28 02:28:29,0.0
2013-08-28 02:28:39,0.0
2013-08-28 02:28:49,0.0
2013-08-28 02:28:59,0.0
2013-08-28 02:29:09,0.0
2013-08-28 02:29:19,0.0
2013-08-28 02:29:29,0.0
2013-08-28 02:29:39,0.0
2013-08-28 02:29:49,0.0
2013-08-28 02:29:59,0.0
2013-08-28 02:30:09,0.0
2013-08-28 02:30:19,0.0
2013-08-28 02:30:29,0.0
2013-08-28 02:30:39,0.0
2013-08-28 02:30:49,0.0
2013-08-28 02:30:59,0.0
2013-08-28 02:31:09,0.0
2013-08-28 02:31:19,0.0
2013-08-28 02:31:29,0.0
2013-08-28 02:31:39,0.0
2013-08-28 02:31:49,0.0
2013-08-28 02:31:59,0.0
2013-08-28 02:32:09,0.0
2013-08-28 02:32:19,0.0
2013-08-28 02:32:29,0.0
2013-08-28 02:32:39,0.0
2013-08-28 02:32:49,0.0
2013-08-28 02:32:59,0.0
2013-08-28 02:33:09,0.0
2013-08-28 02:33:19,0.0
2013-08-28 02:33:29,0.0
2013-08-28 02:33:39,0.0
2013-08-28 02:33:49,0.0
2013-08-28 02:33:59,0.0
2013-08-28 02:34:09,0.0
2013-08-28 02:34:19,0.0
2013-08-28 02:34:29,0.0
2013-08-28 02:34:39,0.0
2013-08-28 02:34:49,0.0
2013-08-28 02:34:59,0.0
2013-08-28 02:35:09,0.0
2013-08-28 02:35:19,0.0
2013-08-28 02:35:29,0.0
2013-08-28 02:35:39,0.0
2013-08-28 02:35:49,0.0
2013-08-28 02:35:59,0.0
2013-08-28 02:36:09,0.0
2013-08-28 02:36:19,0.0
2013-08-28 02:36:29,0.0
2013-08-28 02:36:39,0.0
2013-08-28 02:36:49,0.0
2013-08-28 02:36:59,0.0
2013-08-28 02:37:09,0.0
2013-08-28 02:37:19,0.0
2013-08-28 02:37:29,0.0
2013-08-28 02:37:39,0.0
2013-08-28 02:37:49,0.0
2013-08-28 02:37:59,0.0
2013-08-28 02:38:09,0.0
2013-08-28 02:38:19,0.0
2013-08-28 02:38:29,0.0
2013-08-28 02:38:39,0.0
2013-08-28 02:38:49,0.0
2013-08-28 02:38:59,0.0
2013-08-28 02:39:09,0.0
2013-08-28 02:39:19,0.0
2013-08-28 02:39:29,0.0
2013-08-28 02:39:39,0.0
2013-08-28 02:39:49,0.0
2013-08-28 02:39:59,0.0
2013-08-28 02:40:09,0.0
2013-08-28 02:40:19,0.0
2013-08-28 02:40:29,0.0
2013-08-28 02:40:39,0.0
2013-08-28 02:40:49,0.0
2013-08-28 02:40:59,0.0
2013-08-28 02:41:09,0.0
2013-08-28 02:41:19,0.0
2013-08-28 02:41:29,0.0
2013-08-28 02:41:39,0.0
2013-08-28 02:41:49,0.0
2013-08-28 02:41:59,0.0
2013-08-28 02:42:09,0.0
2013-08-28 02:42:19,0.0
2013-08-28 02:42:29,0.0
2013-08-28 02:42:39,0.0
2013-08-28 02:42:49,0.0
2013-08-28 02:42:59,0.0
2013-08-28 02:43:09,0.0
2013-08-28 02:43:19,0.0
2013-08-28 02:43:29,0.0
2013-08-28 02:43:39,0.0
2013-08-28 02:43:49,0.0
2013-08-28 02:43:59,0.0
2013-08-28 02:44:09,0.0
2013-08-28 02:44:19,0.0
2013-08-28 02:44:29,0.0
2013-08-28 02:44:39,0.0
2013-08-28 02:44:49,0.0
2013-08-28 02:44:59,0.0
2013-08-28 02:45:09,0.0
2013-08-28 02:45:19,0.0
2013-08-28 02:45:29,0.0
2013-08-28 02:45:39,0.0
2013-08-28 02:45:49,0.0
2013-08-28 02:45:59,0.0
2013-08-28 02:46:09,0.0
2013-08-28 02:46:19,0.0
2013-08-28 02:46:29,0.0
2013-08-28 02:46:39,0.0
2013-08-28 02:46:49,0.0
2013-08-28 02:46:59,0.0
2013-08-28 02:47:09,0.0
2013-08-28 02:47:19,0.0
2013-08-28 02:47:29,0.0
2013-08-28 02:47:39,0.0
2013-08-28 02:47:49,0.0
2013-08-28 02:47:59,0.0
2013-08-28 02:48:09,0.0
2013-08-28 02:48:19,0.0
2013-08-28 02:48:29,0.0
2013-08-28 02:48:39,0.0
2013-08-28 02:48:49,0.0
2013-08-28 02:48:59,0.0
2013-08-28 02:49:09,0.0
2013-08-28 02:49:19,0.0
2013-08-28 02:49:29,0.0
2013-08-28 02:49:39,0.0
2013-08-28 02:49:49,0.0
2013-08-28 02:49:59,0.0
2013-08-28 02:50:09,0.0
2013-08-28 02:50:19,0.0
2013-08-28 02:50:29,0.0
2013-08-28 02:50:39,0.0
2013-08-28 02:50:49,0.0
2013-08-28 02:50:59,0.0
2013-08-28 02:51:09,0.0
2013-08-28 02:51:19,0.0
2013-08-28 02:51:29,0.0
2013-08-28 02:51:39,0.0
2013-08-28 02:51:49,0.0
2013-08-28 02:51:59,0.0
2013-08-28 02:52:09,0.0
2013-08-28 02:52:19,0.0
2013-08-28 02:52:29,0.0
2013-08-28 02:52:39,0.0
2013-08-28 02:52:49,0.0
2013-08-28 02:52:59,0.0
2013-08-28 02:53:09,0.0
2013-08-28 02:53:19,0.0
2013-08-28 02:53:29,0.0
2013-08-28 02:53:39,0.0
2013-08-28 02:53:49,0.0
2013-08-28 02:53:59,0.0
2013-08-28 02:54:09,0.0
2013-08-28 02:54:19,0.0
2013-08-28 02:54:29,0.0
2013-08-28 02:54:39,0.0
2013-08-28 02:54:49,0.0
2013-08-28 02:54:59,0.0
2013-08-28 02:55:09,0.0
2013-08-28 02:55:19,0.0
2013-08-28 02:55:29,0.0
2013-08-28 02:55:39,0.0
2013-08-28 02:55:49,0.0
2013-08-28 02:55:59,0.0
2013-08-28 02:56:09,0.0
2013-08-28 02:56:19,0.0
2013-08-28 02:56:29,0.0
2013-08-28 02:56:39,0.0
2013-08-28 02:56:49,0.0
2013-08-28 02:56:59,0.0
2013-08-28 02:57:09,0.0
2013-08-28 02:57:19,0.0
2013-08-28 02:57:29,0.0
2013-08-28 02:57:39,0.0
2013-08-28 02:57:49,0.0
2013-08-28 02:57:59,0.0
2013-08-28 02:58:09,0.0
2013-08-28 02:58:19,0.0
2013-08-28 02:58:29,0.0
2013-08-28 02:58:39,0.0
2013-08-28 02:58:49,0.0
2013-08-28 02:58:59,0.0
2013-08-28 02:59:09,0.0
2013-08-28 02:59:19,0.0
2013-08-28 02:59:29,0.0
2013-08-28 02:59:39,0.0
2013-08-28 02:59:49,0.0
2013-08-28 02:59:59,0.0
2013-08-28 03:00:09,0.0
2013-08-28 03:00:19,0.0
2013-08-28 03:00:29,0.0
2013-08-28 03:00:39,0.0
2013-08-28 03:00:49,0.0
2013-08-28 03:00:59,0.0
2013-08-28 03:01:09,0.0
2013-08-28 03:01:19,0.0
2013-08-28 03:01:29,0.0
2013-08-28 03:01:39,0.0
2013-08-28 03:01:49,0.0
2013-08-28 03:01:59,0.0
2013-08-28 03:02:09,0.0
2013-08-28 03:02:19,0.0
2013-08-28 03:02:29,0.0
2013-08-28 03:02:39,0.0
2013-08-28 03:02:49,0.0
2013-08-28 03:02:59,0.0
2013-08-28 03:03:09,0.0
2013-08-28 03:03:19,0.0
2013-08-28 03:03:29,0.0
2013-08-28 03:03:39,0.0
2013-08-28 03:03:49,0.0
2013-08-28 03:03:59,0.0
2013-08-28 03:04:09,0.0
2013-08-28 03:04:19,0.0
2013-08-28 03:04:29,0.0
2013-08-28 03:04:39,0.0
2013-08-28 03:04:49,0.0
2013-08-28 03:04:59,0.0
2013-08-28 03:05:09,0.0
2013-08-28 03:05:19,0.0
2013-08-28 03:05:29,0.0
2013-08-28 03:05:39,0.0
2013-08-28 03:05:49,0.0
2013-08-28 03:05:59,0.0
2013-08-28 03:06:09,0.0
2013-08-28 03:06:19,0.0
2013-08-28 03:06:29,0.0
2013-08-28 03:06:39,0.0
2013-08-28 03:06:49,0.0
2013-08-28 03:06:59,0.0
2013-08-28 03:07:09,0.0
2013-08-28 03:07:19,0.0
2013-08-28 03:07:29,0.0
2013-08-28 03:07:39,0.0
2013-08-28 03:07:49,0.0
2013-08-28 03:07:59,0.0
2013-08-28 03:08:09,0.0
2013-08-28 03:08:19,0.0
2013-08-28 03:08:29,0.0
2013-08-28 03:08:39,0.0
2013-08-28 03:08:49,0.0
2013-08-28 03:08:59,0.0
2013-08-28 03:09:09,0.0
2013-08-28 03:09:19,0.0
2013-08-28 03:09:29,0.0
2013-08-28 03:09:39,0.0
2013-08-28 03:09:49,0.0
2013-08-28 03:09:59,0.0
2013-08-28 03:10:09,0.0
2013-08-28 03:10:19,0.0
2013-08-28 03:10:29,0.0
2013-08-28 03:10:39,0.0
2013-08-28 03:10:49,0.0
2013-08-28 03:10:59,0.0
2013-08-28 03:11:09,0.0
2013-08-28 03:11:19,0.0
2013-08-28 03:11:29,0.0
2013-08-28 03:11:39,0.0
2013-08-28 03:11:49,0.0
2013-08-28 03:11:59,0.0
2013-08-28 03:12:09,0.0
2013-08-28 03:12:19,0.0
2013-08-28 03:12:29,0.0
2013-08-28 03:12:39,0.0
2013-08-28 03:12:49,0.0
2013-08-28 03:12:59,0.0
2013-08-28 03:13:09,0.0
2013-08-28 03:13:19,0.0
2013-08-28 03:13:29,0.0
2013-08-28 03:13:39,0.0
2013-08-28 03:13:49,0.0
2013-08-28 03:13:59,0.0
2013-08-28 03:14:09,0.0
2013-08-28 03:14:19,0.0
2013-08-28 03:14:29,0.0
2013-08-28 03:14:39,0.0
2013-08-28 03:14:49,0.0
2013-08-28 03:14:59,0.0
2013-08-28 03:15:09,0.0
2013-08-28 03:15:19,0.0
2013-08-28 03:15:29,0.0
2013-08-28 03:15:39,0.0
2013-08-28 03:15:49,0.0
2013-08-28 03:15:59,0.0
2013-08-28 03:16:09,0.0
2013-08-28 03:16:19,0.0
2013-08-28 03:16:29,0.0
2013-08-28 03:16:39,0.0
2013-08-28 03:16:49,0.0
2013-08-28 03:16:59,0.0
2013-08-28 03:17:09,0.0
2013-08-28 03:17:19,0.0
2013-08-28 03:17:29,0.0
2013-08-28 03:17:39,0.0
2013-08-28 03:17:49,0.0
2013-08-28 03:17:59,0.0
2013-08-28 03:18:09,0.0
2013-08-28 03:18:19,0.0
2013-08-28 03:18:29,0.0
2013-08-28 03:18:39,0.0
2013-08-28 03:18:49,0.0
2013-08-28 03:18:59,0.0
2013-08-28 03:19:09,0.0
2013-08-28 03:19:19,0.0
2013-08-28 03:19:29,0.0
2013-08-28 03:19:39,0.0
2013-08-28 03:19:49,0.0
2013-08-28 03:19:59,0.0
2013-08-28 03:20:09,0.0
2013-08-28 03:20:19,0.0
2013-08-28 03:20:29,0.0
2013-08-28 03:20:39,0.0
2013-08-28 03:20:49,0.0
2013-08-28 03:20:59,0.0
2013-08-28 03:21:09,0.0
2013-08-28 03:21:19,0.0
2013-08-28 03:21:29,0.0
2013-08-28 03:21:39,0.0
2013-08-28 03:21:49,0.0
2013-08-28 03:21:59,0.0
2013-08-28 03:22:09,0.0
2013-08-28 03:22:19,0.0
2013-08-28 03:22:29,0.0
2013-08-28 03:22:39,0.0
2013-08-28 03:22:49,0.0
2013-08-28 03:22:59,0.0
2013-08-28 03:23:09,0.0
2013-08-28 03:23:19,0.0
2013-08-28 03:23:29,0.0
2013-08-28 03:23:39,0.0
2013-08-28 03:23:49,0.0
2013-08-28 03:23:59,0.0
2013-08-28 03:24:09,0.0
2013-08-28 03:24:19,0.0
2013-08-28 03:24:29,0.0
2013-08-28 03:24:39,0.0
2013-08-28 03:24:49,0.0
2013-08-28 03:24:59,0.0
2013-08-28 03:25:09,0.0
2013-08-28 03:25:19,0.0
2013-08-28 03:25:29,0.0
2013-08-28 03:25:39,0.0
2013-08-28 03:25:49,0.0
2013-08-28 03:25:59,0.0
2013-08-28 03:26:09,0.0
2013-08-28 03:26:19,0.0
2013-08-28 03:26:29,0.0
2013-08-28 03:26:39,0.0
2013-08-28 03:26:49,0.0
2013-08-28 03:26:59,0.0
2013-08-28 03:27:09,0.0
2013-08-28 03:27:19,0.0
2013-08-28 03:27:29,0.0
2013-08-28 03:27:39,0.0
2013-08-28 03:27:49,0.0
2013-08-28 03:27:59,0.0
2013-08-28 03:28:09,0.0
2013-08-28 03:28:19,0.0
2013-08-28 03:28:29,0.0
2013-08-28 03:28:39,0.0
2013-08-28 03:28:49,0.0
2013-08-28 03:28:59,0.0
2013-08-28 03:29:09,0.0
2013-08-28 03:29:19,0.0
2013-08-28 03:29:29,0.0
2013-08-28 03:29:39,0.0
2013-08-28 03:29:49,0.0
2013-08-28 03:29:59,0.0
2013-08-28 03:30:09,0.0
2013-08-28 03:30:19,0.0
2013-08-28 03:30:29,0.0
2013-08-28 03:30:39,0.0
2013-08-28 03:30:49,0.0
2013-08-28 03:30:59,0.0
2013-08-28 03:31:09,0.0
2013-08-28 03:31:19,0.0
2013-08-28 03:31:29,0.0
2013-08-28 03:31:39,0.0
2013-08-28 03:31:49,0.0
2013-08-28 03:31:59,0.0
2013-08-28 03:32:09,0.0
2013-08-28 03:32:19,0.0
2013-08-28 03:32:29,0.0
2013-08-28 03:32:39,0.0
2013-08-28 03:32:49,0.0
2013-08-28 03:32:59,0.0
2013-08-28 03:33:09,0.0
2013-08-28 03:33:19,0.0
2013-08-28 03:33:29,0.0
2013-08-28 03:33:39,0.0
2013-08-28 03:33:49,0.0
2013-08-28 03:33:59,0.0
2013-08-28 03:34:09,0.0
2013-08-28 03:34:19,0.0
2013-08-28 03:34:29,0.0
2013-08-28 03:34:39,0.0
2013-08-28 03:34:49,0.0
2013-08-28 03:34:59,0.0
2013-08-28 03:35:09,0.0
2013-08-28 03:35:19,0.0
2013-08-28 03:35:29,0.0
2013-08-28 03:35:39,0.0
2013-08-28 03:35:49,0.0
2013-08-28 03:35:59,0.0
2013-08-28 03:36:09,0.0
2013-08-28 03:36:19,0.0
2013-08-28 03:36:29,0.0
2013-08-28 03:36:39,0.0
2013-08-28 03:36:49,0.0
2013-08-28 03:36:59,0.0
2013-08-28 03:37:09,0.0
2013-08-28 03:37:19,0.0
2013-08-28 03:37:29,0.0
2013-08-28 03:37:39,0.0
2013-08-28 03:37:49,0.0
2013-08-28 03:37:59,0.0
2013-08-28 03:38:09,0.0
2013-08-28 03:38:19,0.0
2013-08-28 03:38:29,0.0
2013-08-28 03:38:39,0.0
2013-08-28 03:38:49,0.0
2013-08-28 03:38:59,0.0
2013-08-28 03:39:09,0.0
2013-08-28 03:39:19,0.0
2013-08-28 03:39:29,0.0
2013-08-28 03:39:39,0.0
2013-08-28 03:39:49,0.0
2013-08-28 03:39:59,0.0
2013-08-28 03:40:09,0.0
2013-08-28 03:40:19,0.0
2013-08-28 03:40:29,0.0
2013-08-28 03:40:39,0.0
2013-08-28 03:40:49,0.0
2013-08-28 03:40:59,0.0
2013-08-28 03:41:09,0.0
2013-08-28 03:41:19,0.0
2013-08-28 03:41:29,0.0
2013-08-28 03:41:39,0.0
2013-08-28 03:41:49,0.0
2013-08-28 03:41:59,0.0
2013-08-28 03:42:09,0.0
2013-08-28 03:42:19,0.0
2013-08-28 03:42:29,0.0
2013-08-28 03:42:39,0.0
2013-08-28 03:42:49,0.0
2013-08-28 03:42:59,0.0
2013-08-28 03:43:09,0.0
2013-08-28 03:43:19,0.0
2013-08-28 03:43:29,0.0
2013-08-28 03:43:39,0.0
2013-08-28 03:43:49,0.0
2013-08-28 03:43:59,0.0
2013-08-28 03:44:09,0.0
2013-08-28 03:44:19,0.0
2013-08-28 03:44:29,0.0
2013-08-28 03:44:39,0.0
2013-08-28 03:44:49,0.0
2013-08-28 03:44:59,0.0
2013-08-28 03:45:09,0.0
2013-08-28 03:45:19,0.0
2013-08-28 03:45:29,0.0
2013-08-28 03:45:39,0.0
2013-08-28 03:45:49,0.0
2013-08-28 03:45:59,0.0
2013-08-28 03:46:09,0.0
2013-08-28 03:46:19,0.0
2013-08-28 03:46:29,0.0
2013-08-28 03:46:39,0.0
2013-08-28 03:46:49,0.0
2013-08-28 03:46:59,0.0
2013-08-28 03:47:09,0.0
2013-08-28 03:47:19,0.0
2013-08-28 03:47:29,0.0
2013-08-28 03:47:39,0.0
2013-08-28 03:47:49,0.0
2013-08-28 03:47:59,0.0
2013-08-28 03:48:09,0.0
2013-08-28 03:48:19,0.0
2013-08-28 03:48:29,0.0
2013-08-28 03:48:39,0.0
2013-08-28 03:48:49,0.0
2013-08-28 03:48:59,0.0
2013-08-28 03:49:09,0.0
2013-08-28 03:49:19,0.0
2013-08-28 03:49:29,0.0
2013-08-28 03:49:39,0.0
2013-08-28 03:49:49,0.0
2013-08-28 03:49:59,0.0
2013-08-28 03:50:09,0.0
2013-08-28 03:50:19,0.0
2013-08-28 03:50:29,0.0
2013-08-28 03:50:39,0.0
2013-08-28 03:50:49,0.0
2013-08-28 03:50:59,0.0
2013-08-28 03:51:09,0.0
2013-08-28 03:51:19,0.0
2013-08-28 03:51:29,0.0
2013-08-28 03:51:39,0.0
2013-08-28 03:51:49,0.0
2013-08-28 03:51:59,0.0
2013-08-28 03:52:09,0.0
2013-08-28 03:52:19,0.0
2013-08-28 03:52:29,0.0
2013-08-28 03:52:39,0.0
2013-08-28 03:52:49,0.0
2013-08-28 03:52:59,0.0
2013-08-28 03:53:09,0.0
2013-08-28 03:53:19,0.0
2013-08-28 03:53:29,0.0
2013-08-28 03:53:39,0.0
2013-08-28 03:53:49,0.0
2013-08-28 03:53:59,0.0
2013-08-28 03:54:09,0.0
2013-08-28 03:54:19,0.0
2013-08-28 03:54:29,0.0
2013-08-28 03:54:39,0.0
2013-08-28 03:54:49,0.0
2013-08-28 03:54:59,0.0
2013-08-28 03:55:09,0.0
2013-08-28 03:55:19,0.0
2013-08-28 03:55:29,0.0
2013-08-28 03:55:39,0.0
2013-08-28 03:55:49,0.0
2013-08-28 03:55:59,0.0
2013-08-28 03:56:09,0.0
2013-08-28 03:56:19,0.0
2013-08-28 03:56:29,0.0
2013-08-28 03:56:39,0.0
2013-08-28 03:56:49,0.0
2013-08-28 03:56:59,0.0
2013-08-28 03:57:09,0.0
2013-08-28 03:57:19,0.0
2013-08-28 03:57:29,0.0
2013-08-28 03:57:39,0.0
2013-08-28 03:57:49,0.0
2013-08-28 03:57:59,0.0
2013-08-28 03:58:09,0.0
2013-08-28 03:58:19,0.0
2013-08-28 03:58:29,0.0
2013-08-28 03:58:39,0.0
2013-08-28 03:58:49,0.0
2013-08-28 03:58:59,0.0
2013-08-28 03:59:09,0.0
2013-08-28 03:59:19,0.0
2013-08-28 03:59:29,0.0
2013-08-28 03:59:39,0.0
2013-08-28 03:59:49,0.0
2013-08-28 03:59:59,0.0
2013-08-28 04:00:09,0.0
2013-08-28 04:00:19,0.0
2013-08-28 04:00:29,0.0
2013-08-28 04:00:39,0.0
2013-08-28 04:00:49,0.0
2013-08-28 04:00:59,0.0
2013-08-28 04:01:09,0.0
2013-08-28 04:01:19,0.0
2013-08-28 04:01:29,0.0
2013-08-28 04:01:39,0.0
2013-08-28 04:01:49,0.0
2013-08-28 04:01:59,0.0
2013-08-28 04:02:09,0.0
2013-08-28 04:02:19,0.0
2013-08-28 04:02:29,0.0
2013-08-28 04:02:39,0.0
2013-08-28 04:02:49,0.0
2013-08-28 04:02:59,0.0
2013-08-28 04:03:09,0.0
2013-08-28 04:03:19,0.0
2013-08-28 04:03:29,0.0
2013-08-28 04:03:39,0.0
2013-08-28 04:03:49,0.0
2013-08-28 04:03:59,0.0
2013-08-28 04:04:09,0.0
2013-08-28 04:04:19,0.0
2013-08-28 04:04:29,0.0
2013-08-28 04:04:39,0.0
2013-08-28 04:04:49,0.0
2013-08-28 04:04:59,0.0
2013-08-28 04:05:09,0.0
2013-08-28 04:05:19,0.0
2013-08-28 04:05:29,0.0
2013-08-28 04:05:39,0.0
2013-08-28 04:05:49,0.0
2013-08-28 04:05:59,0.0
2013-08-28 04:06:09,0.0
2013-08-28 04:06:19,0.0
2013-08-28 04:06:29,0.0
2013-08-28 04:06:39,0.0
2013-08-28 04:06:49,0.0
2013-08-28 04:06:59,0.0
2013-08-28 04:07:09,0.0
2013-08-28 04:07:19,0.0
2013-08-28 04:07:29,0.0
2013-08-28 04:07:39,0.0
2013-08-28 04:07:49,0.0
2013-08-28 04:07:59,0.0
2013-08-28 04:08:09,0.0
2013-08-28 04:08:19,0.0
2013-08-28 04:08:29,0.0
2013-08-28 04:08:39,0.0
2013-08-28 04:08:49,0.0
2013-08-28 04:08:59,0.0
2013-08-28 04:09:09,0.0
2013-08-28 04:09:19,0.0
2013-08-28 04:09:29,0.0
2013-08-28 04:09:39,0.0
2013-08-28 04:09:49,0.0
2013-08-28 04:09:59,0.0
2013-08-28 04:10:09,0.0
2013-08-28 04:10:19,0.0
2013-08-28 04:10:29,0.0
2013-08-28 04:10:39,0.0
2013-08-28 04:10:49,0.0
2013-08-28 04:10:59,0.0
2013-08-28 04:11:09,0.0
2013-08-28 04:11:19,0.0
2013-08-28 04:11:29,0.0
2013-08-28 04:11:39,0.0
2013-08-28 04:11:49,0.0
2013-08-28 04:11:59,0.0
2013-08-28 04:12:09,0.0
2013-08-28 04:12:19,0.0
2013-08-28 04:12:29,0.0
2013-08-28 04:12:39,0.0
2013-08-28 04:12:49,0.0
2013-08-28 04:12:59,0.0
2013-08-28 04:13:09,0.0
2013-08-28 04:13:19,0.0
2013-08-28 04:13:29,0.0
2013-08-28 04:13:39,0.0
2013-08-28 04:13:49,0.0
2013-08-28 04:13:59,0.0
2013-08-28 04:14:09,0.0
2013-08-28 04:14:19,0.0
2013-08-28 04:14:29,0.0
2013-08-28 04:14:39,0.0
2013-08-28 04:14:49,0.0
2013-08-28 04:14:59,0.0
2013-08-28 04:15:09,0.0
2013-08-28 04:15:19,0.0
2013-08-28 04:15:29,0.0
2013-08-28 04:15:39,0.0
2013-08-28 04:15:49,0.0
2013-08-28 04:15:59,0.0
2013-08-28 04:16:09,0.0
2013-08-28 04:16:19,0.0
2013-08-28 04:16:29,0.0
2013-08-28 04:16:39,0.0
2013-08-28 04:16:49,0.0
2013-08-28 04:16:59,0.0
2013-08-28 04:17:09,0.0
2013-08-28 04:17:19,0.0
2013-08-28 04:17:29,0.0
2013-08-28 04:17:39,0.0
2013-08-28 04:17:49,0.0
2013-08-28 04:17:59,0.0
2013-08-28 04:18:09,0.0
2013-08-28 04:18:19,0.0
2013-08-28 04:18:29,0.0
2013-08-28 04:18:39,0.0
2013-08-28 04:18:49,0.0
2013-08-28 04:18:59,0.0
2013-08-28 04:19:09,0.0
2013-08-28 04:19:19,0.0
2013-08-28 04:19:29,0.0
2013-08-28 04:19:39,0.0
2013-08-28 04:19:49,0.0
2013-08-28 04:19:59,0.0
2013-08-28 04:20:09,0.0
2013-08-28 04:20:19,0.0
2013-08-28 04:20:29,0.0
2013-08-28 04:20:39,0.0
2013-08-28 04:20:49,0.0
2013-08-28 04:20:59,0.0
2013-08-28 04:21:09,0.0
2013-08-28 04:21:19,0.0
2013-08-28 04:21:29,0.0
2013-08-28 04:21:39,0.0
2013-08-28 04:21:49,0.0
2013-08-28 04:21:59,0.0
2013-08-28 04:22:09,0.0
2013-08-28 04:22:19,0.0
2013-08-28 04:22:29,0.0
2013-08-28 04:22:39,0.0
2013-08-28 04:22:49,0.0
2013-08-28 04:22:59,0.0
2013-08-28 04:23:09,0.0
2013-08-28 04:23:19,0.0
2013-08-28 04:23:29,0.0
2013-08-28 04:23:39,0.0
2013-08-28 04:23:49,0.0
2013-08-28 04:23:59,0.0
2013-08-28 04:24:09,0.0
2013-08-28 04:24:19,0.0
2013-08-28 04:24:29,0.0
2013-08-28 04:24:39,0.0
2013-08-28 04:24:49,0.0
2013-08-28 04:24:59,0.0
2013-08-28 04:25:09,0.0
2013-08-28 04:25:19,0.0
2013-08-28 04:25:29,0.0
2013-08-28 04:25:39,0.0
2013-08-28 04:25:49,0.0
2013-08-28 04:25:59,0.0
2013-08-28 04:26:09,0.0
2013-08-28 04:26:19,0.0
2013-08-28 04:26:29,0.0
2013-08-28 04:26:39,0.0
2013-08-28 04:26:49,0.0
2013-08-28 04:26:59,0.0
2013-08-28 04:27:09,0.0
2013-08-28 04:27:19,0.0
2013-08-28 04:27:29,0.0
2013-08-28 04:27:39,0.0
2013-08-28 04:27:49,0.0
2013-08-28 04:27:59,0.0
2013-08-28 04:28:09,0.0
2013-08-28 04:28:19,0.0
2013-08-28 04:28:29,0.0
2013-08-28 04:28:39,0.0
2013-08-28 04:28:49,0.0
2013-08-28 04:28:59,0.0
2013-08-28 04:29:09,0.0
2013-08-28 04:29:19,0.0
2013-08-28 04:29:29,0.0
2013-08-28 04:29:39,0.0
2013-08-28 04:29:49,0.0
2013-08-28 04:29:59,0.0
2013-08-28 04:30:09,0.0
2013-08-28 04:30:19,0.0
2013-08-28 04:30:29,0.0
2013-08-28 04:30:39,0.0
2013-08-28 04:30:49,0.0
2013-08-28 04:30:59,0.0
2013-08-28 04:31:09,0.0
2013-08-28 04:31:19,0.0
2013-08-28 04:31:29,0.0
2013-08-28 04:31:39,0.0
2013-08-28 04:31:49,0.0
2013-08-28 04:31:59,0.0
2013-08-28 04:32:09,0.0
2013-08-28 04:32:19,0.0
2013-08-28 04:32:29,0.0
2013-08-28 04:32:39,0.0
2013-08-28 04:32:49,0.0
2013-08-28 04:32:59,0.0
2013-08-28 04:33:09,0.0
2013-08-28 04:33:19,0.0
2013-08-28 04:33:29,0.0
2013-08-28 04:33:39,0.0
2013-08-28 04:33:49,0.0
2013-08-28 04:33:59,0.0
2013-08-28 04:34:09,0.0
2013-08-28 04:34:19,0.0
2013-08-28 04:34:29,0.0
2013-08-28 04:34:39,0.0
2013-08-28 04:34:49,0.0
2013-08-28 04:34:59,0.0
2013-08-28 04:35:09,0.0
2013-08-28 04:35:19,0.0
2013-08-28 04:35:29,0.0
2013-08-28 04:35:39,0.0
2013-08-28 04:35:49,0.0
2013-08-28 04:35:59,0.0
2013-08-28 04:36:09,0.0
2013-08-28 04:36:19,0.0
2013-08-28 04:36:29,0.0
2013-08-28 04:36:39,0.0
2013-08-28 04:36:49,0.0
2013-08-28 04:36:59,0.0
2013-08-28 04:37:09,0.0
2013-08-28 04:37:19,0.0
2013-08-28 04:37:29,0.0
2013-08-28 04:37:39,0.0
2013-08-28 04:37:49,0.0
2013-08-28 04:37:59,0.0
2013-08-28 04:38:09,0.0
2013-08-28 04:38:19,0.0
2013-08-28 04:38:29,0.0
2013-08-28 04:38:39,0.0
2013-08-28 04:38:49,0.0
2013-08-28 04:38:59,0.0
2013-08-28 04:39:09,0.0
2013-08-28 04:39:19,0.0
2013-08-28 04:39:29,0.0
2013-08-28 04:39:39,0.0
2013-08-28 04:39:49,0.0
2013-08-28 04:39:59,0.0
2013-08-28 04:40:09,0.0
2013-08-28 04:40:19,0.0
2013-08-28 04:40:29,0.0
2013-08-28 04:40:39,0.0
2013-08-28 04:40:49,0.0
2013-08-28 04:40:59,0.0
2013-08-28 04:41:09,0.0
2013-08-28 04:41:19,0.0
2013-08-28 04:41:29,0.0
2013-08-28 04:41:39,0.0
2013-08-28 04:41:49,0.0
2013-08-28 04:41:58,0.0
2013-08-28 04:42:09,0.0
2013-08-28 04:42:19,0.0
2013-08-28 04:42:29,0.0
2013-08-28 04:42:39,0.0
2013-08-28 04:42:49,0.0
2013-08-28 04:42:59,0.0
2013-08-28 04:43:09,0.0
2013-08-28 04:43:19,0.0
2013-08-28 04:43:29,0.0
2013-08-28 04:43:39,0.0
2013-08-28 04:43:49,0.0
2013-08-28 04:43:59,0.0
2013-08-28 04:44:09,0.0
2013-08-28 04:44:19,0.0
2013-08-28 04:44:29,0.0
2013-08-28 04:44:39,0.0
2013-08-28 04:44:49,0.0
2013-08-28 04:44:59,0.0
2013-08-28 04:45:08,0.0
2013-08-28 04:45:19,0.0
2013-08-28 04:45:29,0.0
2013-08-28 04:45:39,0.0
2013-08-28 04:45:49,0.0
2013-08-28 04:45:59,0.0
2013-08-28 04:46:09,0.0
2013-08-28 04:46:19,0.0
2013-08-28 04:46:29,0.0
2013-08-28 04:46:39,0.0
2013-08-28 04:46:49,0.0
2013-08-28 04:46:58,0.0
2013-08-28 04:47:09,0.0
2013-08-28 04:47:19,0.0
2013-08-28 04:47:29,0.0
2013-08-28 04:47:39,0.0
2013-08-28 04:47:49,0.0
2013-08-28 04:47:59,0.0
2013-08-28 04:48:09,0.0
2013-08-28 04:48:19,0.0
2013-08-28 04:48:29,0.0
2013-08-28 04:48:38,0.0
2013-08-28 04:48:49,0.0
2013-08-28 04:48:59,0.0
2013-08-28 04:49:09,0.0
2013-08-28 04:49:19,0.0
2013-08-28 04:49:29,0.0
2013-08-28 04:49:38,0.0
2013-08-28 04:49:49,0.0
2013-08-28 04:49:59,0.0
2013-08-28 04:50:09,0.0
2013-08-28 04:50:19,0.0
2013-08-28 04:50:28,0.0
2013-08-28 04:50:39,0.0
2013-08-28 04:50:49,0.0
2013-08-28 04:50:58,0.0
2013-08-28 04:51:09,0.0
2013-08-28 04:51:19,0.0
2013-08-28 04:51:29,0.0
2013-08-28 04:51:39,0.0
2013-08-28 04:51:48,0.0
2013-08-28 04:51:58,0.0
2013-08-28 04:52:09,0.0
2013-08-28 04:52:18,0.0
2013-08-28 04:52:29,0.0
2013-08-28 04:52:39,0.0
2013-08-28 04:52:48,0.0
2013-08-28 04:52:58,0.0
2013-08-28 04:53:09,0.0
2013-08-28 04:53:18,0.0
2013-08-28 04:53:28,0.0
2013-08-28 04:53:39,0.0
2013-08-28 04:53:48,0.0
2013-08-28 04:53:59,0.0
2013-08-28 04:54:08,0.0
2013-08-28 04:54:19,0.0
2013-08-28 04:54:28,0.0
2013-08-28 04:54:38,0.0
2013-08-28 04:54:49,0.0
2013-08-28 04:54:58,0.0
2013-08-28 04:55:09,0.0
2013-08-28 04:55:18,0.0
2013-08-28 04:55:28,0.0
2013-08-28 04:55:38,0.0
2013-08-28 04:55:48,0.0
2013-08-28 04:55:58,0.0
2013-08-28 04:56:08,0.0
2013-08-28 04:56:18,0.0
2013-08-28 04:56:28,0.0
2013-08-28 04:56:38,0.0
2013-08-28 04:56:49,0.0
2013-08-28 04:56:58,0.0
2013-08-28 04:57:08,0.0
2013-08-28 04:57:18,0.0
2013-08-28 04:57:28,0.0
2013-08-28 04:57:38,0.0
2013-08-28 04:57:48,0.0
2013-08-28 04:57:59,0.0
2013-08-28 04:58:08,0.0
2013-08-28 04:58:18,0.0
2013-08-28 04:58:28,0.0
2013-08-28 04:58:38,0.0
2013-08-28 04:58:48,0.0
2013-08-28 04:58:58,0.0
2013-08-28 04:59:08,0.0
2013-08-28 04:59:18,0.0
2013-08-28 04:59:28,0.0
2013-08-28 04:59:38,0.0
2013-08-28 04:59:48,0.0
2013-08-28 04:59:58,0.0
2013-08-28 05:00:08,0.0
2013-08-28 05:00:18,0.0
2013-08-28 05:00:28,0.0
2013-08-28 05:00:38,0.0
2013-08-28 05:00:48,0.0
2013-08-28 05:00:58,0.0
2013-08-28 05:01:08,0.0
2013-08-28 05:01:18,0.0
2013-08-28 05:01:28,0.0
2013-08-28 05:01:38,0.0
2013-08-28 05:01:48,0.0
2013-08-28 05:01:58,0.0
2013-08-28 05:02:08,0.0
2013-08-28 05:02:18,0.0
2013-08-28 05:02:28,0.0
2013-08-28 05:02:38,0.0
2013-08-28 05:02:48,0.0
2013-08-28 05:02:58,0.0
2013-08-28 05:03:08,0.0
2013-08-28 05:03:18,0.0
2013-08-28 05:03:28,0.0
2013-08-28 05:03:38,0.0
2013-08-28 05:03:48,0.0
2013-08-28 05:03:58,0.0
2013-08-28 05:04:08,0.0
2013-08-28 05:04:18,0.0
2013-08-28 05:04:28,0.0
2013-08-28 05:04:38,0.0
2013-08-28 05:04:48,0.0
2013-08-28 05:04:58,0.0
2013-08-28 05:05:08,0.0
2013-08-28 05:05:18,0.0
2013-08-28 05:05:28,0.0
2013-08-28 05:05:38,0.0
2013-08-28 05:05:48,0.0
2013-08-28 05:05:59,0.0
2013-08-28 05:06:08,0.0
2013-08-28 05:06:18,0.0
2013-08-28 05:06:28,0.0
2013-08-28 05:06:38,0.0
2013-08-28 05:06:48,0.0
2013-08-28 05:06:58,0.0
2013-08-28 05:07:08,0.0
2013-08-28 05:07:18,0.0
2013-08-28 05:07:28,0.0
2013-08-28 05:07:38,0.0
2013-08-28 05:07:48,0.0
2013-08-28 05:07:58,0.0
2013-08-28 05:08:08,0.0
2013-08-28 05:08:18,0.0
2013-08-28 05:08:28,0.0
2013-08-28 05:08:38,0.0
2013-08-28 05:08:48,0.0
2013-08-28 05:08:58,0.0
2013-08-28 05:09:08,0.0
2013-08-28 05:09:18,0.0
2013-08-28 05:09:28,0.0
2013-08-28 05:09:38,0.0
2013-08-28 05:09:48,0.0
2013-08-28 05:09:58,0.0
2013-08-28 05:10:08,0.0
2013-08-28 05:10:18,0.0
2013-08-28 05:10:28,0.0
2013-08-28 05:10:38,0.0
2013-08-28 05:10:48,0.0
2013-08-28 05:10:58,0.0
2013-08-28 05:11:08,0.0
2013-08-28 05:11:18,0.0
2013-08-28 05:11:28,0.0
2013-08-28 05:11:38,0.0
2013-08-28 05:11:48,0.0
2013-08-28 05:11:58,0.0
2013-08-28 05:12:08,0.0
2013-08-28 05:12:18,0.0
2013-08-28 05:12:28,0.0
2013-08-28 05:12:38,0.0
2013-08-28 05:12:48,0.0
2013-08-28 05:12:58,0.0
2013-08-28 05:13:08,0.0
2013-08-28 05:13:18,0.0
2013-08-28 05:13:28,0.0
2013-08-28 05:13:38,0.0
2013-08-28 05:13:48,0.0
2013-08-28 05:13:58,0.0
2013-08-28 05:14:08,0.0
2013-08-28 05:14:18,0.0
2013-08-28 05:14:28,0.0
2013-08-28 05:14:38,0.0
2013-08-28 05:14:48,0.0
2013-08-28 05:14:58,0.0
2013-08-28 05:15:08,0.0
2013-08-28 05:15:18,0.0
2013-08-28 05:15:28,0.0
2013-08-28 05:15:38,0.0
2013-08-28 05:15:48,0.0
2013-08-28 05:15:58,0.0
2013-08-28 05:16:08,0.0
2013-08-28 05:16:18,0.0
2013-08-28 05:16:28,0.0
2013-08-28 05:16:38,0.0
2013-08-28 05:16:48,0.0
2013-08-28 05:16:58,0.0
2013-08-28 05:17:08,0.0
2013-08-28 05:17:18,0.0
2013-08-28 05:17:28,0.0
2013-08-28 05:17:38,0.0
2013-08-28 05:17:48,0.0
2013-08-28 05:17:58,0.0
2013-08-28 05:18:08,0.0
2013-08-28 05:18:18,0.0
2013-08-28 05:18:28,0.0
2013-08-28 05:18:38,0.0
2013-08-28 05:18:48,0.0
2013-08-28 05:18:58,0.0
2013-08-28 05:19:08,0.0
2013-08-28 05:19:18,0.0
2013-08-28 05:19:28,0.0
2013-08-28 05:19:38,0.0
2013-08-28 05:19:48,0.0
2013-08-28 05:19:58,0.0
2013-08-28 05:20:08,0.0
2013-08-28 05:20:18,0.0
2013-08-28 05:20:28,0.0
2013-08-28 05:20:38,0.0
2013-08-28 05:20:48,0.0
2013-08-28 05:20:58,0.0
2013-08-28 05:21:08,0.0
2013-08-28 05:21:18,0.0
2013-08-28 05:21:28,0.0
2013-08-28 05:21:38,0.0
2013-08-28 05:21:48,0.0
2013-08-28 05:21:58,0.0
2013-08-28 05:22:08,0.0
2013-08-28 05:22:18,0.0
2013-08-28 05:22:28,0.0
2013-08-28 05:22:38,0.0
2013-08-28 05:22:48,0.0
2013-08-28 05:22:58,0.0
2013-08-28 05:23:08,0.0
2013-08-28 05:23:18,0.0
2013-08-28 05:23:28,0.0
2013-08-28 05:23:38,0.0
2013-08-28 05:23:48,0.0
2013-08-28 05:23:58,0.0
2013-08-28 05:24:08,0.0
2013-08-28 05:24:18,0.0
2013-08-28 05:24:28,0.0
2013-08-28 05:24:38,0.0
2013-08-28 05:24:48,0.0
2013-08-28 05:24:58,0.0
2013-08-28 05:25:08,0.0
2013-08-28 05:25:18,0.0
2013-08-28 05:25:28,0.0
2013-08-28 05:25:38,0.0
2013-08-28 05:25:48,0.0
2013-08-28 05:25:58,0.0
2013-08-28 05:26:08,0.0
2013-08-28 05:26:18,0.0
2013-08-28 05:26:28,0.0
2013-08-28 05:26:38,0.0
2013-08-28 05:26:48,0.0
2013-08-28 05:26:58,0.0
2013-08-28 05:27:08,0.0
2013-08-28 05:27:18,0.0
2013-08-28 05:27:28,0.0
2013-08-28 05:27:38,0.0
2013-08-28 05:27:48,0.0
2013-08-28 05:27:58,0.0
2013-08-28 05:28:08,0.0
2013-08-28 05:28:18,0.0
2013-08-28 05:28:28,0.0
2013-08-28 05:28:38,0.0
2013-08-28 05:28:48,0.0
2013-08-28 05:28:58,0.0
2013-08-28 05:29:08,0.0
2013-08-28 05:29:18,0.0
2013-08-28 05:29:28,0.0
2013-08-28 05:29:38,0.0
2013-08-28 05:29:48,0.0
2013-08-28 05:29:58,0.0
2013-08-28 05:30:08,0.0
2013-08-28 05:30:18,0.0
2013-08-28 05:30:28,0.0
2013-08-28 05:30:38,0.0
2013-08-28 05:30:48,0.0
2013-08-28 05:30:58,0.0
2013-08-28 05:31:08,0.0
2013-08-28 05:31:18,0.0
2013-08-28 05:31:28,0.0
2013-08-28 05:31:38,0.0
2013-08-28 05:31:48,0.0
2013-08-28 05:31:58,0.0
2013-08-28 05:32:08,0.0
2013-08-28 05:32:18,0.0
2013-08-28 05:32:28,0.0
2013-08-28 05:32:38,0.0
2013-08-28 05:32:48,0.0
2013-08-28 05:32:58,0.0
2013-08-28 05:33:08,0.0
2013-08-28 05:33:18,0.0
2013-08-28 05:33:28,0.0
2013-08-28 05:33:38,0.0
2013-08-28 05:33:48,0.0
2013-08-28 05:33:58,0.0
2013-08-28 05:34:08,0.0
2013-08-28 05:34:18,0.0
2013-08-28 05:34:28,0.0
2013-08-28 05:34:38,0.0
2013-08-28 05:34:48,0.0
2013-08-28 05:34:58,0.0
2013-08-28 05:35:08,0.0
2013-08-28 05:35:18,0.0
2013-08-28 05:35:28,0.0
2013-08-28 05:35:38,0.0
2013-08-28 05:35:48,0.0
2013-08-28 05:35:58,0.0
2013-08-28 05:36:08,0.0
2013-08-28 05:36:18,0.0
2013-08-28 05:36:28,0.0
2013-08-28 05:36:38,0.0
2013-08-28 05:36:48,0.0
2013-08-28 05:36:58,0.0
2013-08-28 05:37:08,0.0
2013-08-28 05:37:18,0.0
2013-08-28 05:37:28,0.0
2013-08-28 05:37:38,0.0
2013-08-28 05:37:48,0.0
2013-08-28 05:37:58,0.0
2013-08-28 05:38:08,0.0
2013-08-28 05:38:18,0.0
2013-08-28 05:38:28,0.0
2013-08-28 05:38:38,0.0
2013-08-28 05:38:48,0.0
2013-08-28 05:38:58,0.0
2013-08-28 05:39:08,0.0
2013-08-28 05:39:18,0.0
2013-08-28 05:39:28,0.0
2013-08-28 05:39:38,0.0
2013-08-28 05:39:48,0.0
2013-08-28 05:39:58,0.0
2013-08-28 05:40:08,0.0
2013-08-28 05:40:18,0.0
2013-08-28 05:40:28,0.0
2013-08-28 05:40:38,0.0
2013-08-28 05:40:48,0.0
2013-08-28 05:40:58,0.0
2013-08-28 05:41:08,0.0
2013-08-28 05:41:18,0.0
2013-08-28 05:41:28,0.0
2013-08-28 05:41:38,0.0
2013-08-28 05:41:48,0.0
2013-08-28 05:41:58,0.0
2013-08-28 05:42:08,0.0
2013-08-28 05:42:18,0.0
2013-08-28 05:42:28,0.0
2013-08-28 05:42:38,0.0
2013-08-28 05:42:48,0.0
2013-08-28 05:42:58,0.0
2013-08-28 05:43:08,0.0
2013-08-28 05:43:18,0.0
2013-08-28 05:43:28,0.0
2013-08-28 05:43:38,0.0
2013-08-28 05:43:48,0.0
2013-08-28 05:43:58,0.0
2013-08-28 05:44:08,0.0
2013-08-28 05:44:18,0.0
2013-08-28 05:44:28,0.0
2013-08-28 05:44:38,0.0
2013-08-28 05:44:48,0.0
2013-08-28 05:44:58,0.0
2013-08-28 05:45:08,0.0
2013-08-28 05:45:18,0.0
2013-08-28 05:45:28,0.0
2013-08-28 05:45:38,0.0
2013-08-28 05:45:48,0.0
2013-08-28 05:45:58,0.0
2013-08-28 05:46:08,0.0
2013-08-28 05:46:18,0.0
2013-08-28 05:46:28,0.0
2013-08-28 05:46:38,0.0
2013-08-28 05:46:48,0.0
2013-08-28 05:46:58,0.0
2013-08-28 05:47:08,0.0
2013-08-28 05:47:18,0.0
2013-08-28 05:47:28,0.0
2013-08-28 05:47:38,0.0
2013-08-28 05:47:48,0.0
2013-08-28 05:47:58,0.0
2013-08-28 05:48:08,0.0
2013-08-28 05:48:18,0.0
2013-08-28 05:48:28,0.0
2013-08-28 05:48:38,0.0
2013-08-28 05:48:48,0.0
2013-08-28 05:48:58,0.0
2013-08-28 05:49:08,0.0
2013-08-28 05:49:18,0.0
2013-08-28 05:49:28,0.0
2013-08-28 05:49:38,0.0
2013-08-28 05:49:48,0.0
2013-08-28 05:49:58,0.0
2013-08-28 05:50:08,0.0
2013-08-28 05:50:18,0.0
2013-08-28 05:50:28,0.0
2013-08-28 05:50:38,0.0
2013-08-28 05:50:48,0.0
2013-08-28 05:50:58,0.0
2013-08-28 05:51:08,0.0
2013-08-28 05:51:18,0.0
2013-08-28 05:51:28,0.0
2013-08-28 05:51:38,0.0
2013-08-28 05:51:48,0.0
2013-08-28 05:51:58,0.0
2013-08-28 05:52:08,0.0
2013-08-28 05:52:18,0.0
2013-08-28 05:52:28,0.0
2013-08-28 05:52:38,0.0
2013-08-28 05:52:48,0.0
2013-08-28 05:52:58,0.0
2013-08-28 05:53:08,0.0
2013-08-28 05:53:18,0.0
2013-08-28 05:53:28,0.0
2013-08-28 05:53:38,0.0
2013-08-28 05:53:48,0.0
2013-08-28 05:53:58,0.0
2013-08-28 05:54:08,0.0
2013-08-28 05:54:18,0.0
2013-08-28 05:54:28,0.0
2013-08-28 05:54:38,0.0
2013-08-28 05:54:48,0.0
2013-08-28 05:54:58,0.0
2013-08-28 05:55:08,0.0
2013-08-28 05:55:18,0.0
2013-08-28 05:55:28,0.0
2013-08-28 05:55:38,0.0
2013-08-28 05:55:48,0.0
2013-08-28 05:55:58,0.0
2013-08-28 05:56:08,0.0
2013-08-28 05:56:18,0.0
2013-08-28 05:56:28,0.0
2013-08-28 05:56:38,0.0
2013-08-28 05:56:48,0.0
2013-08-28 05:56:58,0.0
2013-08-28 05:57:08,0.0
2013-08-28 05:57:18,0.0
2013-08-28 05:57:28,0.0
2013-08-28 05:57:38,0.0
2013-08-28 05:57:48,0.0
2013-08-28 05:57:58,0.0
2013-08-28 05:58:08,0.0
2013-08-28 05:58:18,0.0
2013-08-28 05:58:28,0.0
2013-08-28 05:58:38,0.0
2013-08-28 05:58:48,0.0
2013-08-28 05:58:58,0.0
2013-08-28 05:59:08,0.0
2013-08-28 05:59:18,0.0
2013-08-28 05:59:28,0.0
2013-08-28 05:59:38,0.0
2013-08-28 05:59:48,0.0
2013-08-28 05:59:58,0.0
2013-08-28 06:00:08,0.0
2013-08-28 06:00:18,0.0
2013-08-28 06:00:28,0.0
2013-08-28 06:00:38,0.0
2013-08-28 06:00:48,0.0
2013-08-28 06:00:58,0.0
2013-08-28 06:01:08,0.0
2013-08-28 06:01:18,0.0
2013-08-28 06:01:28,0.0
2013-08-28 06:01:38,0.0
2013-08-28 06:01:48,0.0
2013-08-28 06:01:58,0.0
2013-08-28 06:02:08,0.0
2013-08-28 06:02:18,0.0
2013-08-28 06:02:28,0.0
2013-08-28 06:02:38,0.0
2013-08-28 06:02:48,0.0
2013-08-28 06:02:58,0.0
2013-08-28 06:03:08,0.0
2013-08-28 06:03:18,0.0
2013-08-28 06:03:28,0.0
2013-08-28 06:03:38,0.0
2013-08-28 06:03:48,0.0
2013-08-28 06:03:58,0.0
2013-08-28 06:04:08,0.0
2013-08-28 06:04:18,0.0
2013-08-28 06:04:28,0.0
2013-08-28 06:04:38,0.0
2013-08-28 06:04:48,0.0
2013-08-28 06:04:58,0.0
2013-08-28 06:05:08,0.0
2013-08-28 06:05:18,0.0
2013-08-28 06:05:28,0.0
2013-08-28 06:05:38,0.0
2013-08-28 06:05:48,0.0
2013-08-28 06:05:58,0.0
2013-08-28 06:06:08,0.0
2013-08-28 06:06:18,0.0
2013-08-28 06:06:28,0.0
2013-08-28 06:06:38,0.0
2013-08-28 06:06:48,0.0
2013-08-28 06:06:58,0.0
2013-08-28 06:07:08,0.0
2013-08-28 06:07:18,0.0
2013-08-28 06:07:28,0.0
2013-08-28 06:07:38,0.0
2013-08-28 06:07:48,0.0
2013-08-28 06:07:58,0.0
2013-08-28 06:08:08,0.0
2013-08-28 06:08:18,0.0
2013-08-28 06:08:28,0.0
2013-08-28 06:08:38,0.0
2013-08-28 06:08:48,0.0
2013-08-28 06:08:58,0.0
2013-08-28 06:09:08,0.0
2013-08-28 06:09:18,0.0
2013-08-28 06:09:28,0.0
2013-08-28 06:09:38,0.0
2013-08-28 06:09:48,0.0
2013-08-28 06:09:58,0.0
2013-08-28 06:10:08,0.0
2013-08-28 06:10:18,0.0
2013-08-28 06:10:28,0.0
2013-08-28 06:10:38,0.0
2013-08-28 06:10:48,0.0
2013-08-28 06:10:58,0.0
2013-08-28 06:11:08,0.0
2013-08-28 06:11:18,0.0
2013-08-28 06:11:28,0.0
2013-08-28 06:11:38,0.0
2013-08-28 06:11:48,0.0
2013-08-28 06:11:58,0.0
2013-08-28 06:12:08,0.0
2013-08-28 06:12:18,0.0
2013-08-28 06:12:28,0.0
2013-08-28 06:12:38,0.0
2013-08-28 06:12:48,0.0
2013-08-28 06:12:58,0.0
2013-08-28 06:13:08,0.0
2013-08-28 06:13:18,0.0
2013-08-28 06:13:28,0.0
2013-08-28 06:13:38,0.0
2013-08-28 06:13:48,0.0
2013-08-28 06:13:58,0.0
2013-08-28 06:14:08,0.0
2013-08-28 06:14:18,0.0
2013-08-28 06:14:28,0.0
2013-08-28 06:14:38,0.0
2013-08-28 06:14:48,0.0
2013-08-28 06:14:58,0.0
2013-08-28 06:15:08,0.0
2013-08-28 06:15:18,0.0
2013-08-28 06:15:28,0.0
2013-08-28 06:15:38,0.0
2013-08-28 06:15:48,0.0
2013-08-28 06:15:58,0.0
2013-08-28 06:16:08,0.0
2013-08-28 06:16:18,0.0
2013-08-28 06:16:28,0.0
2013-08-28 06:16:38,0.0
2013-08-28 06:16:48,0.0
2013-08-28 06:16:58,0.0
2013-08-28 06:17:08,0.0
2013-08-28 06:17:18,0.0
2013-08-28 06:17:28,0.0
2013-08-28 06:17:38,0.0
2013-08-28 06:17:48,0.0
2013-08-28 06:17:58,0.0
2013-08-28 06:18:08,0.0
2013-08-28 06:18:18,0.0
2013-08-28 06:18:28,0.0
2013-08-28 06:18:38,0.0
2013-08-28 06:18:48,0.0
2013-08-28 06:18:58,0.0
2013-08-28 06:19:08,0.0
2013-08-28 06:19:18,0.0
2013-08-28 06:19:28,0.0
2013-08-28 06:19:38,0.0
2013-08-28 06:19:48,0.0
2013-08-28 06:19:58,0.0
2013-08-28 06:20:08,0.0
2013-08-28 06:20:18,0.0
2013-08-28 06:20:28,0.0
2013-08-28 06:20:38,0.0
2013-08-28 06:20:48,0.0
2013-08-28 06:20:58,0.0
2013-08-28 06:21:08,0.0
2013-08-28 06:21:18,0.0
2013-08-28 06:21:28,0.0
2013-08-28 06:21:38,0.0
2013-08-28 06:21:48,0.0
2013-08-28 06:21:58,0.0
2013-08-28 06:22:08,0.0
2013-08-28 06:22:18,0.0
2013-08-28 06:22:28,0.0
2013-08-28 06:22:38,0.0
2013-08-28 06:22:48,0.0
2013-08-28 06:22:58,0.0
2013-08-28 06:23:08,0.0
2013-08-28 06:23:18,0.0
2013-08-28 06:23:28,0.0
2013-08-28 06:23:38,0.0
2013-08-28 06:23:48,0.0
2013-08-28 06:23:58,0.0
2013-08-28 06:24:08,0.0
2013-08-28 06:24:18,0.0
2013-08-28 06:24:28,0.0
2013-08-28 06:24:38,0.0
2013-08-28 06:24:48,0.0
2013-08-28 06:24:58,0.0
2013-08-28 06:25:08,0.0
2013-08-28 06:25:18,0.0
2013-08-28 06:25:28,0.0
2013-08-28 06:25:38,0.0
2013-08-28 06:25:48,0.0
2013-08-28 06:25:58,0.0
2013-08-28 06:26:08,0.0
2013-08-28 06:26:18,0.0
2013-08-28 06:26:28,0.0
2013-08-28 06:26:38,0.0
2013-08-28 06:26:48,0.0
2013-08-28 06:26:58,0.0
2013-08-28 06:27:08,0.0
2013-08-28 06:27:18,0.0
2013-08-28 06:27:28,0.0
2013-08-28 06:27:38,0.0
2013-08-28 06:27:48,0.0
2013-08-28 06:27:58,0.0
2013-08-28 06:28:08,0.0
2013-08-28 06:28:18,0.0
2013-08-28 06:28:28,0.0
2013-08-28 06:28:38,0.0
2013-08-28 06:28:48,0.0
2013-08-28 06:28:58,0.0
2013-08-28 06:29:08,0.0
2013-08-28 06:29:18,0.0
2013-08-28 06:29:28,0.0
2013-08-28 06:29:38,0.0
2013-08-28 06:29:48,0.0
2013-08-28 06:29:58,0.0
2013-08-28 06:30:08,0.0
2013-08-28 06:30:18,0.0
2013-08-28 06:30:28,0.0
2013-08-28 06:30:38,0.0
2013-08-28 06:30:48,0.0
2013-08-28 06:30:58,0.0
2013-08-28 06:31:08,0.0
2013-08-28 06:31:18,0.0
2013-08-28 06:31:28,0.0
2013-08-28 06:31:38,0.0
2013-08-28 06:31:48,0.0
2013-08-28 06:31:58,0.0
2013-08-28 06:32:08,0.0
2013-08-28 06:32:18,0.0
2013-08-28 06:32:28,0.0
2013-08-28 06:32:38,0.0
2013-08-28 06:32:48,0.0
2013-08-28 06:32:58,0.0
2013-08-28 06:33:08,0.0
2013-08-28 06:33:18,0.0
2013-08-28 06:33:28,0.0
2013-08-28 06:33:38,0.0
2013-08-28 06:33:48,0.0
2013-08-28 06:33:58,0.0
2013-08-28 06:34:08,0.0
2013-08-28 06:34:18,0.0
2013-08-28 06:34:28,0.0
2013-08-28 06:34:38,0.0
2013-08-28 06:34:48,0.0
2013-08-28 06:34:58,0.0
2013-08-28 06:35:08,0.0
2013-08-28 06:35:19,0.0
2013-08-28 06:35:28,0.0
2013-08-28 06:35:38,0.0
2013-08-28 06:35:48,0.0
2013-08-28 06:35:58,0.0
2013-08-28 06:36:08,0.0
2013-08-28 06:36:18,0.0
2013-08-28 06:36:28,0.0
2013-08-28 06:36:38,0.0
2013-08-28 06:36:48,0.0
2013-08-28 06:36:58,0.0
2013-08-28 06:37:08,0.0
2013-08-28 06:37:18,0.0
2013-08-28 06:37:28,0.0
2013-08-28 06:37:38,0.0
2013-08-28 06:37:48,0.0
2013-08-28 06:37:58,0.0
2013-08-28 06:38:08,0.0
2013-08-28 06:38:18,0.0
2013-08-28 06:38:28,0.0
2013-08-28 06:38:38,0.0
2013-08-28 06:38:48,0.0
2013-08-28 06:38:58,0.0
2013-08-28 06:39:08,0.0
2013-08-28 06:39:18,0.0
2013-08-28 06:39:28,0.0
2013-08-28 06:39:38,0.0
2013-08-28 06:39:48,0.0
2013-08-28 06:39:58,0.0
2013-08-28 06:40:08,0.0
2013-08-28 06:40:18,0.0
2013-08-28 06:40:28,0.0
2013-08-28 06:40:38,0.0
2013-08-28 06:40:48,0.0
2013-08-28 06:40:58,0.0
2013-08-28 06:41:08,0.0
2013-08-28 06:41:18,0.0
2013-08-28 06:41:28,0.0
2013-08-28 06:41:38,0.0
2013-08-28 06:41:48,0.0
2013-08-28 06:41:58,0.0
2013-08-28 06:42:08,0.0
2013-08-28 06:42:18,0.0
2013-08-28 06:42:28,0.0
2013-08-28 06:42:38,0.0
2013-08-28 06:42:48,0.0
2013-08-28 06:42:58,0.0
2013-08-28 06:43:08,0.0
2013-08-28 06:43:18,0.0
2013-08-28 06:43:28,0.0
2013-08-28 06:43:38,0.0
2013-08-28 06:43:48,0.0
2013-08-28 06:43:58,0.0
2013-08-28 06:44:08,0.0
2013-08-28 06:44:18,0.0
2013-08-28 06:44:28,0.0
2013-08-28 06:44:38,0.0
2013-08-28 06:44:48,0.0
2013-08-28 06:44:58,0.0
2013-08-28 06:45:08,0.0
2013-08-28 06:45:18,0.0
2013-08-28 06:45:28,0.0
2013-08-28 06:45:38,0.0
2013-08-28 06:45:48,0.0
2013-08-28 06:45:58,0.0
2013-08-28 06:46:08,0.0
2013-08-28 06:46:18,0.0
2013-08-28 06:46:28,0.0
2013-08-28 06:46:38,0.0
2013-08-28 06:46:48,0.0
2013-08-28 06:46:58,0.0
2013-08-28 06:47:08,0.0
2013-08-28 06:47:18,0.0
2013-08-28 06:47:28,0.0
2013-08-28 06:47:38,0.0
2013-08-28 06:47:48,0.0
2013-08-28 06:47:58,0.0
2013-08-28 06:48:08,0.0
2013-08-28 06:48:18,0.0
2013-08-28 06:48:28,0.0
2013-08-28 06:48:38,0.0
2013-08-28 06:48:48,0.0
2013-08-28 06:48:58,0.0
2013-08-28 06:49:08,0.0
2013-08-28 06:49:18,0.0
2013-08-28 06:49:28,0.0
2013-08-28 06:49:38,0.0
2013-08-28 06:49:48,0.0
2013-08-28 06:49:58,0.0
2013-08-28 06:50:08,0.0
2013-08-28 06:50:18,0.0
2013-08-28 06:50:28,0.0
2013-08-28 06:50:38,0.0
2013-08-28 06:50:48,0.0
2013-08-28 06:50:58,0.0
2013-08-28 06:51:08,0.0
2013-08-28 06:51:18,0.0
2013-08-28 06:51:28,0.0
2013-08-28 06:51:38,0.0
2013-08-28 06:51:48,0.0
2013-08-28 06:51:58,0.0
2013-08-28 06:52:08,0.0
2013-08-28 06:52:18,0.0
2013-08-28 06:52:28,0.0
2013-08-28 06:52:38,0.0
2013-08-28 06:52:48,0.0
2013-08-28 06:52:58,0.0
2013-08-28 06:53:08,0.0
2013-08-28 06:53:18,0.0
2013-08-28 06:53:28,0.0
2013-08-28 06:53:38,0.0
2013-08-28 06:53:48,0.0
2013-08-28 06:53:58,0.0
2013-08-28 06:54:08,0.0
2013-08-28 06:54:18,0.0
2013-08-28 06:54:28,0.0
2013-08-28 06:54:38,0.0
2013-08-28 06:54:48,0.0
2013-08-28 06:54:58,0.0
2013-08-28 06:55:08,0.0
2013-08-28 06:55:18,0.0
2013-08-28 06:55:28,0.0
2013-08-28 06:55:38,0.0
2013-08-28 06:55:48,0.0
2013-08-28 06:55:58,0.0
2013-08-28 06:56:08,0.0
2013-08-28 06:56:18,0.0
2013-08-28 06:56:28,0.0
2013-08-28 06:56:38,0.0
2013-08-28 06:56:48,0.0
2013-08-28 06:56:58,0.0
2013-08-28 06:57:08,0.0
2013-08-28 06:57:18,0.0
2013-08-28 06:57:28,0.0
2013-08-28 06:57:38,0.0
2013-08-28 06:57:48,0.0
2013-08-28 06:57:58,0.0
2013-08-28 06:58:08,0.0
2013-08-28 06:58:18,0.0
2013-08-28 06:58:28,0.0
2013-08-28 06:58:38,0.0
2013-08-28 06:58:48,0.0
2013-08-28 06:58:58,0.0
2013-08-28 06:59:08,0.0
2013-08-28 06:59:18,0.0
2013-08-28 06:59:28,0.0
2013-08-28 06:59:38,0.0
2013-08-28 06:59:48,0.0
2013-08-28 06:59:58,0.0
2013-08-28 07:00:08,0.0
2013-08-28 07:00:18,0.0
2013-08-28 07:00:28,0.0
2013-08-28 07:00:38,0.0
2013-08-28 07:00:48,0.0
2013-08-28 07:00:58,0.0
2013-08-28 07:01:08,0.0
2013-08-28 07:01:18,0.0
2013-08-28 07:01:28,0.0
2013-08-28 07:01:38,0.0
2013-08-28 07:01:48,0.0
2013-08-28 07:01:58,0.0
2013-08-28 07:02:08,0.0
2013-08-28 07:02:18,0.0
2013-08-28 07:02:28,0.0
2013-08-28 07:02:38,0.0
2013-08-28 07:02:48,0.0
2013-08-28 07:02:58,0.0
2013-08-28 07:03:08,0.0
2013-08-28 07:03:18,0.0
2013-08-28 07:03:28,0.0
2013-08-28 07:03:38,0.0
2013-08-28 07:03:48,0.0
2013-08-28 07:03:58,0.0
2013-08-28 07:04:08,0.0
2013-08-28 07:04:18,0.0
2013-08-28 07:04:28,0.0
2013-08-28 07:04:38,0.0
2013-08-28 07:04:48,0.0
2013-08-28 07:04:58,0.0
2013-08-28 07:05:08,0.0
2013-08-28 07:05:18,0.0
2013-08-28 07:05:28,0.0
2013-08-28 07:05:38,0.0
2013-08-28 07:05:48,0.0
2013-08-28 07:05:58,0.0
2013-08-28 07:06:08,0.0
2013-08-28 07:06:18,0.0
2013-08-28 07:06:28,0.0
2013-08-28 07:06:38,0.0
2013-08-28 07:06:48,0.0
2013-08-28 07:06:58,0.0
2013-08-28 07:07:08,0.0
2013-08-28 07:07:18,0.0
2013-08-28 07:07:28,0.0
2013-08-28 07:07:38,0.0
2013-08-28 07:07:48,0.0
2013-08-28 07:07:58,0.0
2013-08-28 07:08:08,0.0
2013-08-28 07:08:18,0.0
2013-08-28 07:08:28,0.0
2013-08-28 07:08:38,0.0
2013-08-28 07:08:48,0.0
2013-08-28 07:08:58,0.0
2013-08-28 07:09:08,0.0
2013-08-28 07:09:18,0.0
2013-08-28 07:09:28,0.0
2013-08-28 07:09:38,0.0
2013-08-28 07:09:48,0.0
2013-08-28 07:09:58,0.0
2013-08-28 07:10:08,0.0
2013-08-28 07:10:18,0.0
2013-08-28 07:10:28,0.0
2013-08-28 07:10:38,0.0
2013-08-28 07:10:48,0.0
2013-08-28 07:10:58,0.0
2013-08-28 07:11:08,0.0
2013-08-28 07:11:18,0.0
2013-08-28 07:11:28,0.0
2013-08-28 07:11:38,0.0
2013-08-28 07:11:48,0.0
2013-08-28 07:11:58,0.0
2013-08-28 07:12:08,0.0
2013-08-28 07:12:18,0.0
2013-08-28 07:12:28,0.0
2013-08-28 07:12:38,0.0
2013-08-28 07:12:48,0.0
2013-08-28 07:12:58,0.0
2013-08-28 07:13:08,0.0
2013-08-28 07:13:18,0.0
2013-08-28 07:13:28,0.0
2013-08-28 07:13:38,0.0
2013-08-28 07:13:48,0.0
2013-08-28 07:13:58,0.0
2013-08-28 07:14:08,0.0
2013-08-28 07:14:18,0.0
2013-08-28 07:14:28,0.0
2013-08-28 07:14:38,0.0
2013-08-28 07:14:48,0.0
2013-08-28 07:14:58,0.0
2013-08-28 07:15:08,0.0
2013-08-28 07:15:18,0.0
2013-08-28 07:15:28,0.0
2013-08-28 07:15:38,0.0
2013-08-28 07:15:48,0.0
2013-08-28 07:15:58,0.0
2013-08-28 07:16:08,0.0
2013-08-28 07:16:18,0.0
2013-08-28 07:16:28,0.0
2013-08-28 07:16:38,0.0
2013-08-28 07:16:48,0.0
2013-08-28 07:16:58,0.0
2013-08-28 07:17:08,0.0
2013-08-28 07:17:18,0.0
2013-08-28 07:17:28,0.0
2013-08-28 07:17:38,0.0
2013-08-28 07:17:48,0.0
2013-08-28 07:17:58,0.0
2013-08-28 07:18:08,0.0
2013-08-28 07:18:18,0.0
2013-08-28 07:18:28,0.0
2013-08-28 07:18:38,0.0
2013-08-28 07:18:48,0.0
2013-08-28 07:18:58,0.0
2013-08-28 07:19:08,0.0
2013-08-28 07:19:18,0.0
2013-08-28 07:19:28,0.0
2013-08-28 07:19:38,0.0
2013-08-28 07:19:48,0.0
2013-08-28 07:19:58,0.0
2013-08-28 07:20:08,0.0
2013-08-28 07:20:18,0.0
2013-08-28 07:20:28,0.0
2013-08-28 07:20:38,0.0
2013-08-28 07:20:48,0.0
2013-08-28 07:20:58,0.0
2013-08-28 07:21:08,0.0
2013-08-28 07:21:18,0.0
2013-08-28 07:21:28,0.0
2013-08-28 07:21:38,0.0
2013-08-28 07:21:48,0.0
2013-08-28 07:21:58,0.0
2013-08-28 07:22:08,0.0
2013-08-28 07:22:18,0.0
2013-08-28 07:22:28,0.0
2013-08-28 07:22:38,0.0
2013-08-28 07:22:48,0.0
2013-08-28 07:22:58,0.0
2013-08-28 07:23:08,0.0
2013-08-28 07:23:18,0.0
2013-08-28 07:23:28,0.0
2013-08-28 07:23:38,0.0
2013-08-28 07:23:48,0.0
2013-08-28 07:23:58,0.0
2013-08-28 07:24:08,0.0
2013-08-28 07:24:18,0.0
2013-08-28 07:24:28,0.0
2013-08-28 07:24:38,0.0
2013-08-28 07:24:48,0.0
2013-08-28 07:24:58,0.0
2013-08-28 07:25:08,0.0
2013-08-28 07:25:18,0.0
2013-08-28 07:25:28,0.0
2013-08-28 07:25:38,0.0
2013-08-28 07:25:48,0.0
2013-08-28 07:25:58,0.0
2013-08-28 07:26:08,0.0
2013-08-28 07:26:18,0.0
2013-08-28 07:26:28,0.0
2013-08-28 07:26:38,0.0
2013-08-28 07:26:48,0.0
2013-08-28 07:26:58,0.0
2013-08-28 07:27:08,0.0
2013-08-28 07:27:18,0.0
2013-08-28 07:27:28,0.0
2013-08-28 07:27:38,0.0
2013-08-28 07:27:48,0.0
2013-08-28 07:27:58,0.0
2013-08-28 07:28:08,0.0
2013-08-28 07:28:18,0.0
2013-08-28 07:28:28,0.0
2013-08-28 07:28:38,0.0
2013-08-28 07:28:48,0.0
2013-08-28 07:28:58,0.0
2013-08-28 07:29:08,0.0
2013-08-28 07:29:18,0.0
2013-08-28 07:29:28,0.0
2013-08-28 07:29:38,0.0
2013-08-28 07:29:48,0.0
2013-08-28 07:29:58,0.0
2013-08-28 07:30:08,0.0
2013-08-28 07:30:18,0.0
2013-08-28 07:30:28,0.0
2013-08-28 07:30:38,0.0
2013-08-28 07:30:48,0.0
2013-08-28 07:30:58,0.0
2013-08-28 07:31:08,0.0
2013-08-28 07:31:18,0.0
2013-08-28 07:31:28,0.0
2013-08-28 07:31:38,0.0
2013-08-28 07:31:48,0.0
2013-08-28 07:31:58,0.0
2013-08-28 07:32:08,0.0
2013-08-28 07:32:18,0.0
2013-08-28 07:32:28,0.0
2013-08-28 07:32:38,0.0
2013-08-28 07:32:48,0.0
2013-08-28 07:32:58,0.0
2013-08-28 07:33:08,0.0
2013-08-28 07:33:18,0.0
2013-08-28 07:33:28,0.0
2013-08-28 07:33:38,0.0
2013-08-28 07:33:48,0.0
2013-08-28 07:33:58,0.0
2013-08-28 07:34:08,0.0
2013-08-28 07:34:18,0.0
2013-08-28 07:34:28,0.0
2013-08-28 07:34:38,0.0
2013-08-28 07:34:48,0.0
2013-08-28 07:34:58,0.0
2013-08-28 07:35:08,0.0
2013-08-28 07:35:18,0.0
2013-08-28 07:35:28,0.0
2013-08-28 07:35:38,0.0
2013-08-28 07:35:48,0.0
2013-08-28 07:35:58,0.0
2013-08-28 07:36:08,0.0
2013-08-28 07:36:18,0.0
2013-08-28 07:36:28,0.0
2013-08-28 07:36:38,0.0
2013-08-28 07:36:48,0.0
2013-08-28 07:36:58,0.0
2013-08-28 07:37:08,0.0
2013-08-28 07:37:18,0.0
2013-08-28 07:37:28,0.0
2013-08-28 07:37:38,0.0
2013-08-28 07:37:48,0.0
2013-08-28 07:37:58,0.0
2013-08-28 07:38:08,0.0
2013-08-28 07:38:18,0.0
2013-08-28 07:38:28,0.0
2013-08-28 07:38:38,0.0
2013-08-28 07:38:48,0.0
2013-08-28 07:38:58,0.0
2013-08-28 07:39:08,0.0
2013-08-28 07:39:18,0.0
2013-08-28 07:39:28,0.0
2013-08-28 07:39:38,0.0
2013-08-28 07:39:48,0.0
2013-08-28 07:39:58,0.0
2013-08-28 07:40:08,0.0
2013-08-28 07:40:18,0.0
2013-08-28 07:40:28,0.0
2013-08-28 07:40:38,0.0
2013-08-28 07:40:48,0.0
2013-08-28 07:40:58,0.0
2013-08-28 07:41:08,0.0
2013-08-28 07:41:18,0.0
2013-08-28 07:41:28,0.0
2013-08-28 07:41:38,0.0
2013-08-28 07:41:48,0.0
2013-08-28 07:41:58,0.0
2013-08-28 07:42:08,0.0
2013-08-28 07:42:18,0.0
2013-08-28 07:42:28,0.0
2013-08-28 07:42:38,0.0
2013-08-28 07:42:48,0.0
2013-08-28 07:42:58,0.0
2013-08-28 07:43:08,0.0
2013-08-28 07:43:18,0.0
2013-08-28 07:43:28,0.0
2013-08-28 07:43:38,0.0
2013-08-28 07:43:48,0.0
2013-08-28 07:43:58,0.0
2013-08-28 07:44:08,0.0
2013-08-28 07:44:18,0.0
2013-08-28 07:44:28,0.0
2013-08-28 07:44:38,0.0
2013-08-28 07:44:48,0.0
2013-08-28 07:44:58,0.0
2013-08-28 07:45:08,0.0
2013-08-28 07:45:18,0.0
2013-08-28 07:45:28,0.0
2013-08-28 07:45:38,0.0
2013-08-28 07:45:48,0.0
2013-08-28 07:45:58,0.0
2013-08-28 07:46:08,0.0
2013-08-28 07:46:18,0.0
2013-08-28 07:46:28,0.0
2013-08-28 07:46:38,0.0
2013-08-28 07:46:48,0.0
2013-08-28 07:46:58,0.0
2013-08-28 07:47:08,0.0
2013-08-28 07:47:18,0.0
2013-08-28 07:47:28,0.0
2013-08-28 07:47:38,0.0
2013-08-28 07:47:48,0.0
2013-08-28 07:47:58,0.0
2013-08-28 07:48:08,0.0
2013-08-28 07:48:18,0.0
2013-08-28 07:48:28,0.0
2013-08-28 07:48:38,0.0
2013-08-28 07:48:48,0.0
2013-08-28 07:48:58,0.0
2013-08-28 07:49:08,0.0
2013-08-28 07:49:18,0.0
2013-08-28 07:49:28,0.0
2013-08-28 07:49:38,0.0
2013-08-28 07:49:48,0.0
2013-08-28 07:49:58,0.0
2013-08-28 07:50:08,0.0
2013-08-28 07:50:18,0.0
2013-08-28 07:50:28,0.0
2013-08-28 07:50:38,0.0
2013-08-28 07:50:48,0.0
2013-08-28 07:50:58,0.0
2013-08-28 07:51:08,0.0
2013-08-28 07:51:18,0.0
2013-08-28 07:51:28,0.0
2013-08-28 07:51:38,0.0
2013-08-28 07:51:48,0.0
2013-08-28 07:51:58,0.0
2013-08-28 07:52:08,0.0
2013-08-28 07:52:18,0.0
2013-08-28 07:52:28,0.0
2013-08-28 07:52:38,0.0
2013-08-28 07:52:48,0.0
2013-08-28 07:52:58,0.0
2013-08-28 07:53:08,0.0
2013-08-28 07:53:18,0.0
2013-08-28 07:53:28,0.0
2013-08-28 07:53:38,0.0
2013-08-28 07:53:48,0.0
2013-08-28 07:53:58,0.0
2013-08-28 07:54:08,0.0
2013-08-28 07:54:18,0.0
2013-08-28 07:54:28,0.0
2013-08-28 07:54:38,0.0
2013-08-28 07:54:48,0.0
2013-08-28 07:54:58,0.0
2013-08-28 07:55:08,0.0
2013-08-28 07:55:18,0.0
2013-08-28 07:55:28,0.0
2013-08-28 07:55:38,0.0
2013-08-28 07:55:48,0.0
2013-08-28 07:55:58,0.0
2013-08-28 07:56:08,0.0
2013-08-28 07:56:18,0.0
2013-08-28 07:56:28,0.0
2013-08-28 07:56:38,0.0
2013-08-28 07:56:48,0.0
2013-08-28 07:56:58,0.0
2013-08-28 07:57:08,0.0
2013-08-28 07:57:18,0.0
2013-08-28 07:57:28,0.0
2013-08-28 07:57:38,0.0
2013-08-28 07:57:48,0.0
2013-08-28 07:57:58,0.0
2013-08-28 07:58:08,0.0
2013-08-28 07:58:18,0.0
2013-08-28 07:58:28,0.0
2013-08-28 07:58:38,0.0
2013-08-28 07:58:48,0.0
2013-08-28 07:58:58,0.0
2013-08-28 07:59:08,0.0
2013-08-28 07:59:18,0.0
2013-08-28 07:59:28,0.0
2013-08-28 07:59:38,0.0
2013-08-28 07:59:48,0.0
2013-08-28 07:59:58,0.0
2013-08-28 08:00:08,0.0
2013-08-28 08:00:18,0.0
2013-08-28 08:00:28,0.0
2013-08-28 08:00:38,0.0
2013-08-28 08:00:48,0.0
2013-08-28 08:00:58,0.0
2013-08-28 08:01:08,0.0
2013-08-28 08:01:18,0.0
2013-08-28 08:01:28,0.0
2013-08-28 08:01:38,0.0
2013-08-28 08:01:48,0.0
2013-08-28 08:01:58,0.0
2013-08-28 08:02:08,0.0
2013-08-28 08:02:18,0.0
2013-08-28 08:02:28,0.0
2013-08-28 08:02:38,0.0
2013-08-28 08:02:48,0.0
2013-08-28 08:02:58,0.0
2013-08-28 08:03:08,0.0
2013-08-28 08:03:18,0.0
2013-08-28 08:03:28,0.0
2013-08-28 08:03:38,0.0
2013-08-28 08:03:48,0.0
2013-08-28 08:03:58,0.0
2013-08-28 08:04:08,0.0
2013-08-28 08:04:18,0.0
2013-08-28 08:04:28,0.0
2013-08-28 08:04:38,0.0
2013-08-28 08:04:48,0.0
2013-08-28 08:04:58,0.0
2013-08-28 08:05:08,0.0
2013-08-28 08:05:18,0.0
2013-08-28 08:05:28,0.0
2013-08-28 08:05:38,0.0
2013-08-28 08:05:48,0.0
2013-08-28 08:05:58,0.0
2013-08-28 08:06:08,0.0
2013-08-28 08:06:18,0.0
2013-08-28 08:06:28,0.0
2013-08-28 08:06:38,0.0
2013-08-28 08:06:48,0.0
2013-08-28 08:06:58,0.0
2013-08-28 08:07:08,0.0
2013-08-28 08:07:18,0.0
2013-08-28 08:07:28,0.0
2013-08-28 08:07:38,0.0
2013-08-28 08:07:48,0.0
2013-08-28 08:07:58,0.0
2013-08-28 08:08:08,0.0
2013-08-28 08:08:18,0.0
2013-08-28 08:08:28,0.0
2013-08-28 08:08:38,0.0
2013-08-28 08:08:48,0.0
2013-08-28 08:08:58,0.0
2013-08-28 08:09:08,0.0
2013-08-28 08:09:18,0.0
2013-08-28 08:09:28,0.0
2013-08-28 08:09:38,0.0
2013-08-28 08:09:48,0.0
2013-08-28 08:09:58,0.0
2013-08-28 08:10:08,0.0
2013-08-28 08:10:18,0.0
2013-08-28 08:10:28,0.0
2013-08-28 08:10:38,0.0
2013-08-28 08:10:48,0.0
2013-08-28 08:10:58,0.0
2013-08-28 08:11:08,0.0
2013-08-28 08:11:18,0.0
2013-08-28 08:11:28,0.0
2013-08-28 08:11:38,0.0
2013-08-28 08:11:48,0.0
2013-08-28 08:11:58,0.0
2013-08-28 08:12:08,0.0
2013-08-28 08:12:18,0.0
2013-08-28 08:12:28,0.0
2013-08-28 08:12:38,0.0
2013-08-28 08:12:48,0.0
2013-08-28 08:12:58,0.0
2013-08-28 08:13:08,0.0
2013-08-28 08:13:18,0.0
2013-08-28 08:13:28,0.0
2013-08-28 08:13:38,0.0
2013-08-28 08:13:48,0.0
2013-08-28 08:13:58,0.0
2013-08-28 08:14:08,0.0
2013-08-28 08:14:18,0.0
2013-08-28 08:14:28,0.0
2013-08-28 08:14:38,0.0
2013-08-28 08:14:48,0.0
2013-08-28 08:14:58,0.0
2013-08-28 08:15:08,0.0
2013-08-28 08:15:18,0.0
2013-08-28 08:15:28,0.0
2013-08-28 08:15:38,0.0
2013-08-28 08:15:48,0.0
2013-08-28 08:15:58,0.0
2013-08-28 08:16:08,0.0
2013-08-28 08:16:18,0.0
2013-08-28 08:16:28,0.0
2013-08-28 08:16:38,0.0
2013-08-28 08:16:48,0.0
2013-08-28 08:16:58,0.0
2013-08-28 08:17:08,0.0
2013-08-28 08:17:18,0.0
2013-08-28 08:17:28,0.0
2013-08-28 08:17:38,0.0
2013-08-28 08:17:48,0.0
2013-08-28 08:17:58,0.0
2013-08-28 08:18:08,0.0
2013-08-28 08:18:18,0.0
2013-08-28 08:18:28,0.0
2013-08-28 08:18:38,0.0
2013-08-28 08:18:48,0.0
2013-08-28 08:18:58,0.0
2013-08-28 08:19:08,0.0
2013-08-28 08:19:18,0.0
2013-08-28 08:19:28,0.0
2013-08-28 08:19:38,0.0
2013-08-28 08:19:48,0.0
2013-08-28 08:19:58,0.0
2013-08-28 08:20:08,0.0
2013-08-28 08:20:18,0.0
2013-08-28 08:20:28,0.0
2013-08-28 08:20:38,0.0
2013-08-28 08:20:48,0.0
2013-08-28 08:20:58,0.0
2013-08-28 08:21:08,0.0
2013-08-28 08:21:18,0.0
2013-08-28 08:21:28,0.0
2013-08-28 08:21:38,0.0
2013-08-28 08:21:48,0.0
2013-08-28 08:21:58,0.0
2013-08-28 08:22:08,0.0
2013-08-28 08:22:18,0.0
2013-08-28 08:22:28,0.0
2013-08-28 08:22:38,0.0
2013-08-28 08:22:48,0.0
2013-08-28 08:22:58,0.0
2013-08-28 08:23:08,0.0
2013-08-28 08:23:18,0.0
2013-08-28 08:23:28,0.0
2013-08-28 08:23:38,0.0
2013-08-28 08:23:48,0.0
2013-08-28 08:23:58,0.0
2013-08-28 08:24:08,0.0
2013-08-28 08:24:18,0.0
2013-08-28 08:24:28,0.0
2013-08-28 08:24:38,0.0
2013-08-28 08:24:48,0.0
2013-08-28 08:24:58,0.0
2013-08-28 08:25:08,0.0
2013-08-28 08:25:18,0.0
2013-08-28 08:25:28,0.0
2013-08-28 08:25:38,0.0
2013-08-28 08:25:48,0.0
2013-08-28 08:25:58,0.0
2013-08-28 08:26:08,0.0
2013-08-28 08:26:18,0.0
2013-08-28 08:26:28,0.0
2013-08-28 08:26:38,0.0
2013-08-28 08:26:48,0.0
2013-08-28 08:26:58,0.0
2013-08-28 08:27:08,0.0
2013-08-28 08:27:18,0.0
2013-08-28 08:27:28,0.0
2013-08-28 08:27:38,0.0
2013-08-28 08:27:48,0.0
2013-08-28 08:27:58,0.0
2013-08-28 08:28:08,0.0
2013-08-28 08:28:18,0.0
2013-08-28 08:28:28,0.0
2013-08-28 08:28:38,0.0
2013-08-28 08:28:48,0.0
2013-08-28 08:28:58,0.0
2013-08-28 08:29:08,0.0
2013-08-28 08:29:18,0.0
2013-08-28 08:29:28,0.0
2013-08-28 08:29:38,0.0
2013-08-28 08:29:48,0.0
2013-08-28 08:29:58,0.0
2013-08-28 08:30:08,0.0
2013-08-28 08:30:18,0.0
2013-08-28 08:30:28,0.0
2013-08-28 08:30:38,0.0
2013-08-28 08:30:48,0.0
2013-08-28 08:30:58,0.0
2013-08-28 08:31:08,0.0
2013-08-28 08:31:18,0.0
2013-08-28 08:31:28,0.0
2013-08-28 08:31:38,0.0
2013-08-28 08:31:48,0.0
2013-08-28 08:31:58,0.0
2013-08-28 08:32:08,0.0
2013-08-28 08:32:18,0.0
2013-08-28 08:32:28,0.0
2013-08-28 08:32:38,0.0
2013-08-28 08:32:48,0.0
2013-08-28 08:32:58,0.0
2013-08-28 08:33:08,0.0
2013-08-28 08:33:18,0.0
2013-08-28 08:33:28,0.0
2013-08-28 08:33:38,0.0
2013-08-28 08:33:48,0.0
2013-08-28 08:33:58,0.0
2013-08-28 08:34:08,0.0
2013-08-28 08:34:18,0.0
2013-08-28 08:34:28,0.0
2013-08-28 08:34:38,0.0
2013-08-28 08:34:48,0.0
2013-08-28 08:34:58,0.0
2013-08-28 08:35:08,0.0
2013-08-28 08:35:18,0.0
2013-08-28 08:35:28,0.0
2013-08-28 08:35:38,0.0
2013-08-28 08:35:48,0.0
2013-08-28 08:35:58,0.0
2013-08-28 08:36:08,0.0
2013-08-28 08:36:18,0.0
2013-08-28 08:36:28,0.0
2013-08-28 08:36:38,0.0
2013-08-28 08:36:48,0.0
2013-08-28 08:36:58,0.0
2013-08-28 08:37:08,0.0
2013-08-28 08:37:18,0.0
2013-08-28 08:37:28,0.0
2013-08-28 08:37:38,0.0
2013-08-28 08:37:48,0.0
2013-08-28 08:37:58,0.0
2013-08-28 08:38:08,0.0
2013-08-28 08:38:18,0.0
2013-08-28 08:38:28,0.0
2013-08-28 08:38:38,0.0
2013-08-28 08:38:48,0.0
2013-08-28 08:38:58,0.0
2013-08-28 08:39:08,0.0
2013-08-28 08:39:18,0.0
2013-08-28 08:39:28,0.0
2013-08-28 08:39:38,0.0
2013-08-28 08:39:48,0.0
2013-08-28 08:39:58,0.0
2013-08-28 08:40:08,0.0
2013-08-28 08:40:18,0.0
2013-08-28 08:40:28,0.0
2013-08-28 08:40:38,0.0
2013-08-28 08:40:48,0.0
2013-08-28 08:40:58,0.0
2013-08-28 08:41:08,0.0
2013-08-28 08:41:18,0.0
2013-08-28 08:41:28,0.0
2013-08-28 08:41:38,0.0
2013-08-28 08:41:48,0.0
2013-08-28 08:41:58,0.0
2013-08-28 08:42:08,0.0
2013-08-28 08:42:18,0.0
2013-08-28 08:42:28,0.0
2013-08-28 08:42:38,0.0
2013-08-28 08:42:48,0.0
2013-08-28 08:42:58,0.0
2013-08-28 08:43:08,0.0
2013-08-28 08:43:18,0.0
2013-08-28 08:43:28,0.0
2013-08-28 08:43:38,0.0
2013-08-28 08:43:48,0.0
2013-08-28 08:43:58,0.0
2013-08-28 08:44:08,0.0
2013-08-28 08:44:18,0.0
2013-08-28 08:44:28,0.0
2013-08-28 08:44:38,0.0
2013-08-28 08:44:48,0.0
2013-08-28 08:44:58,0.0
2013-08-28 08:45:08,0.0
2013-08-28 08:45:18,0.0
2013-08-28 08:45:28,0.0
2013-08-28 08:45:38,0.0
2013-08-28 08:45:48,0.0
2013-08-28 08:45:58,0.0
2013-08-28 08:46:08,0.0
2013-08-28 08:46:18,0.0
2013-08-28 08:46:28,0.0
2013-08-28 08:46:38,0.0
2013-08-28 08:46:48,0.0
2013-08-28 08:46:58,0.0
2013-08-28 08:47:08,0.0
2013-08-28 08:47:18,0.0
2013-08-28 08:47:28,0.0
2013-08-28 08:47:38,0.0
2013-08-28 08:47:48,0.0
2013-08-28 08:47:58,0.0
2013-08-28 08:48:08,0.0
2013-08-28 08:48:18,0.0
2013-08-28 08:48:28,0.0
2013-08-28 08:48:38,0.0
2013-08-28 08:48:48,0.0
2013-08-28 08:48:58,0.0
2013-08-28 08:49:08,0.0
2013-08-28 08:49:18,0.0
2013-08-28 08:49:28,0.0
2013-08-28 08:49:38,0.0
2013-08-28 08:49:48,0.0
2013-08-28 08:49:58,0.0
2013-08-28 08:50:08,0.0
2013-08-28 08:50:18,0.0
2013-08-28 08:50:28,0.0
2013-08-28 08:50:38,0.0
2013-08-28 08:50:48,0.0
2013-08-28 08:50:58,0.0
2013-08-28 08:51:08,0.0
2013-08-28 08:51:18,0.0
2013-08-28 08:51:28,0.0
2013-08-28 08:51:38,0.0
2013-08-28 08:51:48,0.0
2013-08-28 08:51:58,0.0
2013-08-28 08:52:08,0.0
2013-08-28 08:52:18,0.0
2013-08-28 08:52:28,0.0
2013-08-28 08:52:38,0.0
2013-08-28 08:52:48,0.0
2013-08-28 08:52:58,0.0
2013-08-28 08:53:08,0.0
2013-08-28 08:53:18,0.0
2013-08-28 08:53:28,0.0
2013-08-28 08:53:38,0.0
2013-08-28 08:53:48,0.0
2013-08-28 08:53:58,0.0
2013-08-28 08:54:08,0.0
2013-08-28 08:54:18,0.0
2013-08-28 08:54:28,0.0
2013-08-28 08:54:38,0.0
2013-08-28 08:54:48,0.0
2013-08-28 08:54:58,0.0
2013-08-28 08:55:08,0.0
2013-08-28 08:55:18,0.0
2013-08-28 08:55:28,0.0
2013-08-28 08:55:38,0.0
2013-08-28 08:55:48,0.0
2013-08-28 08:55:58,0.0
2013-08-28 08:56:08,0.0
2013-08-28 08:56:18,0.0
2013-08-28 08:56:28,0.0
2013-08-28 08:56:38,0.0
2013-08-28 08:56:48,0.0
2013-08-28 08:56:58,0.0
2013-08-28 08:57:08,0.0
2013-08-28 08:57:18,0.0
2013-08-28 08:57:28,0.0
2013-08-28 08:57:38,0.0
2013-08-28 08:57:48,0.0
2013-08-28 08:57:58,0.0
2013-08-28 08:58:08,0.0
2013-08-28 08:58:18,0.0
2013-08-28 08:58:28,0.0
2013-08-28 08:58:38,0.0
2013-08-28 08:58:48,0.0
2013-08-28 08:58:58,0.0
2013-08-28 08:59:08,0.0
2013-08-28 08:59:18,0.0
2013-08-28 08:59:28,0.0
2013-08-28 08:59:38,0.0
2013-08-28 08:59:48,0.0
2013-08-28 08:59:58,0.0
2013-08-28 09:00:08,0.0
2013-08-28 09:00:18,0.0
2013-08-28 09:00:28,0.0
2013-08-28 09:00:38,0.0
2013-08-28 09:00:48,0.0
2013-08-28 09:00:58,0.0
2013-08-28 09:01:08,0.0
2013-08-28 09:01:18,0.0
2013-08-28 09:01:28,0.0
2013-08-28 09:01:38,0.0
2013-08-28 09:01:48,0.0
2013-08-28 09:01:58,0.0
2013-08-28 09:02:08,0.0
2013-08-28 09:02:18,0.0
2013-08-28 09:02:28,0.0
2013-08-28 09:02:38,0.0
2013-08-28 09:02:48,0.0
2013-08-28 09:02:58,0.0
2013-08-28 09:03:08,0.0
2013-08-28 09:03:18,0.0
2013-08-28 09:03:28,0.0
2013-08-28 09:03:38,0.0
2013-08-28 09:03:48,0.0
2013-08-28 09:03:58,0.0
2013-08-28 09:04:08,0.0
2013-08-28 09:04:18,0.0
2013-08-28 09:04:28,0.0
2013-08-28 09:04:38,0.0
2013-08-28 09:04:48,0.0
2013-08-28 09:04:58,0.0
2013-08-28 09:05:08,0.0
2013-08-28 09:05:18,0.0
2013-08-28 09:05:28,0.0
2013-08-28 09:05:38,0.0
2013-08-28 09:05:48,0.0
2013-08-28 09:05:58,0.0
2013-08-28 09:06:08,0.0
2013-08-28 09:06:18,0.0
2013-08-28 09:06:28,0.0
2013-08-28 09:06:38,0.0
2013-08-28 09:06:48,0.0
2013-08-28 09:06:58,0.0
2013-08-28 09:07:08,0.0
2013-08-28 09:07:18,0.0
2013-08-28 09:07:28,0.0
2013-08-28 09:07:38,0.0
2013-08-28 09:07:48,0.0
2013-08-28 09:07:58,0.0
2013-08-28 09:08:08,0.0
2013-08-28 09:08:18,0.0
2013-08-28 09:08:28,0.0
2013-08-28 09:08:38,0.0
2013-08-28 09:08:48,0.0
2013-08-28 09:08:58,0.0
2013-08-28 09:09:08,0.0
2013-08-28 09:09:18,0.0
2013-08-28 09:09:28,0.0
2013-08-28 09:09:38,0.0
2013-08-28 09:09:48,0.0
2013-08-28 09:09:58,0.0
2013-08-28 09:10:08,0.0
2013-08-28 09:10:18,0.0
2013-08-28 09:10:28,0.0
2013-08-28 09:10:38,0.0
2013-08-28 09:10:48,0.0
2013-08-28 09:10:58,0.0
2013-08-28 09:11:08,0.0
2013-08-28 09:11:18,0.0
2013-08-28 09:11:28,0.0
2013-08-28 09:11:38,0.0
2013-08-28 09:11:48,0.0
2013-08-28 09:11:58,0.0
2013-08-28 09:12:08,0.0
2013-08-28 09:12:18,0.0
2013-08-28 09:12:28,0.0
2013-08-28 09:12:38,0.0
2013-08-28 09:12:48,0.0
2013-08-28 09:12:58,0.0
2013-08-28 09:13:08,0.0
2013-08-28 09:13:18,0.0
2013-08-28 09:13:28,0.0
2013-08-28 09:13:38,0.0
2013-08-28 09:13:48,0.0
2013-08-28 09:13:58,0.0
2013-08-28 09:14:08,0.0
2013-08-28 09:14:18,0.0
2013-08-28 09:14:28,0.0
2013-08-28 09:14:38,0.0
2013-08-28 09:14:48,0.0
2013-08-28 09:14:58,0.0
2013-08-28 09:15:08,0.0
2013-08-28 09:15:18,0.0
2013-08-28 09:15:28,0.0
2013-08-28 09:15:38,0.0
2013-08-28 09:15:48,0.0
2013-08-28 09:15:58,0.0
2013-08-28 09:16:08,0.0
2013-08-28 09:16:18,0.0
2013-08-28 09:16:28,0.0
2013-08-28 09:16:38,0.0
2013-08-28 09:16:48,0.0
2013-08-28 09:16:58,0.0
2013-08-28 09:17:08,0.0
2013-08-28 09:17:18,0.0
2013-08-28 09:17:28,0.0
2013-08-28 09:17:38,0.0
2013-08-28 09:17:48,0.0
2013-08-28 09:17:58,0.0
2013-08-28 09:18:08,0.0
2013-08-28 09:18:18,0.0
2013-08-28 09:18:28,0.0
2013-08-28 09:18:38,0.0
2013-08-28 09:18:48,0.0
2013-08-28 09:18:58,0.0
2013-08-28 09:19:08,0.0
2013-08-28 09:19:18,0.0
2013-08-28 09:19:28,0.0
2013-08-28 09:19:38,0.0
2013-08-28 09:19:48,0.0
2013-08-28 09:19:58,0.0
2013-08-28 09:20:08,0.0
2013-08-28 09:20:18,0.0
2013-08-28 09:20:28,0.0
2013-08-28 09:20:38,0.0
2013-08-28 09:20:48,0.0
2013-08-28 09:20:58,0.0
2013-08-28 09:21:08,0.0
2013-08-28 09:21:18,0.0
2013-08-28 09:21:28,0.0
2013-08-28 09:21:38,0.0
2013-08-28 09:21:48,0.0
2013-08-28 09:21:58,0.0
2013-08-28 09:22:08,0.0
2013-08-28 09:22:18,0.0
2013-08-28 09:22:28,0.0
2013-08-28 09:22:38,0.0
2013-08-28 09:22:48,0.0
2013-08-28 09:22:58,0.0
2013-08-28 09:23:08,0.0
2013-08-28 09:23:18,0.0
2013-08-28 09:23:28,0.0
2013-08-28 09:23:38,0.0
2013-08-28 09:23:48,0.0
2013-08-28 09:23:58,0.0
2013-08-28 09:24:08,0.0
2013-08-28 09:24:18,0.0
2013-08-28 09:24:28,0.0
2013-08-28 09:24:38,0.0
2013-08-28 09:24:48,0.0
2013-08-28 09:24:58,0.0
2013-08-28 09:25:08,0.0
2013-08-28 09:25:18,0.0
2013-08-28 09:25:28,0.0
2013-08-28 09:25:38,0.0
2013-08-28 09:25:48,0.0
2013-08-28 09:25:58,0.0
2013-08-28 09:26:08,0.0
2013-08-28 09:26:18,0.0
2013-08-28 09:26:28,0.0
2013-08-28 09:26:38,0.0
2013-08-28 09:26:48,0.0
2013-08-28 09:26:58,0.0
2013-08-28 09:27:08,0.0
2013-08-28 09:27:18,0.0
2013-08-28 09:27:28,0.0
2013-08-28 09:27:38,0.0
2013-08-28 09:27:48,0.0
2013-08-28 09:27:59,0.0
2013-08-28 09:28:08,0.0
2013-08-28 09:28:18,0.0
2013-08-28 09:28:28,0.0
2013-08-28 09:28:38,0.0
2013-08-28 09:28:48,0.0
2013-08-28 09:28:58,0.0
2013-08-28 09:29:08,0.0
2013-08-28 09:29:18,0.0
2013-08-28 09:29:28,0.0
2013-08-28 09:29:38,0.0
2013-08-28 09:29:48,0.0
2013-08-28 09:29:58,0.0
2013-08-28 09:30:08,0.0
2013-08-28 09:30:18,0.0
2013-08-28 09:30:28,0.0
2013-08-28 09:30:38,0.0
2013-08-28 09:30:48,0.0
2013-08-28 09:30:58,0.0
2013-08-28 09:31:08,0.0
2013-08-28 09:31:18,0.0
2013-08-28 09:31:28,0.0
2013-08-28 09:31:38,0.0
2013-08-28 09:31:48,0.0
2013-08-28 09:31:58,0.0
2013-08-28 09:32:08,0.0
2013-08-28 09:32:18,0.0
2013-08-28 09:32:28,0.0
2013-08-28 09:32:38,0.0
2013-08-28 09:32:48,0.0
2013-08-28 09:32:58,0.0
2013-08-28 09:33:08,0.0
2013-08-28 09:33:18,0.0
2013-08-28 09:33:28,0.0
2013-08-28 09:33:38,0.0
2013-08-28 09:33:48,0.0
2013-08-28 09:33:58,0.0
2013-08-28 09:34:08,0.0
2013-08-28 09:34:18,0.0
2013-08-28 09:34:28,0.0
2013-08-28 09:34:38,0.0
2013-08-28 09:34:48,0.0
2013-08-28 09:34:58,0.0
2013-08-28 09:35:08,0.0
2013-08-28 09:35:18,0.0
2013-08-28 09:35:28,0.0
2013-08-28 09:35:38,0.0
2013-08-28 09:35:48,0.0
2013-08-28 09:35:58,0.0
2013-08-28 09:36:08,0.0
2013-08-28 09:36:18,0.0
2013-08-28 09:36:28,0.0
2013-08-28 09:36:38,0.0
2013-08-28 09:36:48,0.0
2013-08-28 09:36:58,0.0
2013-08-28 09:37:08,0.0
2013-08-28 09:37:18,0.0
2013-08-28 09:37:28,0.0
2013-08-28 09:37:38,0.0
2013-08-28 09:37:48,0.0
2013-08-28 09:37:58,0.0
2013-08-28 09:38:08,0.0
2013-08-28 09:38:18,0.0
2013-08-28 09:38:28,0.0
2013-08-28 09:38:38,0.0
2013-08-28 09:38:48,0.0
2013-08-28 09:38:58,0.0
2013-08-28 09:39:08,0.0
2013-08-28 09:39:18,0.0
2013-08-28 09:39:28,0.0
2013-08-28 09:39:38,0.0
2013-08-28 09:39:48,0.0
2013-08-28 09:39:58,0.0
2013-08-28 09:40:08,0.0
2013-08-28 09:40:18,0.0
2013-08-28 09:40:28,0.0
2013-08-28 09:40:38,0.0
2013-08-28 09:40:48,0.0
2013-08-28 09:40:58,0.0
2013-08-28 09:41:08,0.0
2013-08-28 09:41:18,0.0
2013-08-28 09:41:28,0.0
2013-08-28 09:41:38,0.0
2013-08-28 09:41:48,0.0
2013-08-28 09:41:58,0.0
2013-08-28 09:42:08,0.0
2013-08-28 09:42:18,0.0
2013-08-28 09:42:28,0.0
2013-08-28 09:42:38,0.0
2013-08-28 09:42:48,0.0
2013-08-28 09:42:58,0.0
2013-08-28 09:43:08,0.0
2013-08-28 09:43:18,0.0
2013-08-28 09:43:28,0.0
2013-08-28 09:43:38,0.0
2013-08-28 09:43:48,0.0
2013-08-28 09:43:58,0.0
2013-08-28 09:44:08,0.0
2013-08-28 09:44:18,0.0
2013-08-28 09:44:28,0.0
2013-08-28 09:44:38,0.0
2013-08-28 09:44:48,0.0
2013-08-28 09:44:58,0.0
2013-08-28 09:45:08,0.0
2013-08-28 09:45:18,0.0
2013-08-28 09:45:28,0.0
2013-08-28 09:45:38,0.0
2013-08-28 09:45:48,0.0
2013-08-28 09:45:58,0.0
2013-08-28 09:46:08,0.0
2013-08-28 09:46:18,0.0
2013-08-28 09:46:28,0.0
2013-08-28 09:46:38,0.0
2013-08-28 09:46:48,0.0
2013-08-28 09:46:58,0.0
2013-08-28 09:47:08,0.0
2013-08-28 09:47:18,0.0
2013-08-28 09:47:28,0.0
2013-08-28 09:47:38,0.0
2013-08-28 09:47:48,0.0
2013-08-28 09:47:58,0.0
2013-08-28 09:48:08,0.0
2013-08-28 09:48:18,0.0
2013-08-28 09:48:28,0.0
2013-08-28 09:48:38,0.0
2013-08-28 09:48:48,0.0
2013-08-28 09:48:58,0.0
2013-08-28 09:49:08,0.0
2013-08-28 09:49:18,0.0
2013-08-28 09:49:28,0.0
2013-08-28 09:49:38,0.0
2013-08-28 09:49:48,0.0
2013-08-28 09:49:58,0.0
2013-08-28 09:50:08,0.0
2013-08-28 09:50:18,0.0
2013-08-28 09:50:28,0.0
2013-08-28 09:50:38,0.0
2013-08-28 09:50:48,0.0
2013-08-28 09:50:58,0.0
2013-08-28 09:51:08,0.0
2013-08-28 09:51:18,0.0
2013-08-28 09:51:28,0.0
2013-08-28 09:51:38,0.0
2013-08-28 09:51:48,0.0
2013-08-28 09:51:58,0.0
2013-08-28 09:52:08,0.0
2013-08-28 09:52:18,0.0
2013-08-28 09:52:28,0.0
2013-08-28 09:52:38,0.0
2013-08-28 09:52:48,0.0
2013-08-28 09:52:58,0.0
2013-08-28 09:53:08,0.0
2013-08-28 09:53:18,0.0
2013-08-28 09:53:28,0.0
2013-08-28 09:53:38,0.0
2013-08-28 09:53:48,0.0
2013-08-28 09:53:58,0.0
2013-08-28 09:54:08,0.0
2013-08-28 09:54:18,0.0
2013-08-28 09:54:28,0.0
2013-08-28 09:54:38,0.0
2013-08-28 09:54:48,0.0
2013-08-28 09:54:58,0.0
2013-08-28 09:55:08,0.0
2013-08-28 09:55:18,0.0
2013-08-28 09:55:28,0.0
2013-08-28 09:55:38,0.0
2013-08-28 09:55:48,0.0
2013-08-28 09:55:58,0.0
2013-08-28 09:56:08,0.0
2013-08-28 09:56:18,0.0
2013-08-28 09:56:28,0.0
2013-08-28 09:56:38,0.0
2013-08-28 09:56:48,0.0
2013-08-28 09:56:58,0.0
2013-08-28 09:57:08,0.0
2013-08-28 09:57:18,0.0
2013-08-28 09:57:28,0.0
2013-08-28 09:57:38,0.0
2013-08-28 09:57:48,0.0
2013-08-28 09:57:58,0.0
2013-08-28 09:58:08,0.0
2013-08-28 09:58:18,0.0
2013-08-28 09:58:28,0.0
2013-08-28 09:58:38,0.0
2013-08-28 09:58:48,0.0
2013-08-28 09:58:58,0.0
2013-08-28 09:59:08,0.0
2013-08-28 09:59:18,0.0
2013-08-28 09:59:28,0.0
2013-08-28 09:59:38,0.0
2013-08-28 09:59:48,0.0
2013-08-28 09:59:58,0.0
2013-08-28 10:00:08,0.0
2013-08-28 10:00:18,0.0
2013-08-28 10:00:28,0.0
2013-08-28 10:00:38,0.0
2013-08-28 10:00:48,0.0
2013-08-28 10:00:58,0.0
2013-08-28 10:01:08,0.0
2013-08-28 10:01:18,0.0
2013-08-28 10:01:28,0.0
2013-08-28 10:01:38,0.0
2013-08-28 10:01:48,0.0
2013-08-28 10:01:58,0.0
2013-08-28 10:02:08,0.0
2013-08-28 10:02:18,0.0
2013-08-28 10:02:28,0.0
2013-08-28 10:02:38,0.0
2013-08-28 10:02:48,0.0
2013-08-28 10:02:58,0.0
2013-08-28 10:03:08,0.0
2013-08-28 10:03:18,0.0
2013-08-28 10:03:28,0.0
2013-08-28 10:03:38,0.0
2013-08-28 10:03:48,0.0
2013-08-28 10:03:58,0.0
2013-08-28 10:04:08,0.0
2013-08-28 10:04:18,0.0
2013-08-28 10:04:28,0.0
2013-08-28 10:04:38,0.0
2013-08-28 10:04:48,0.0
2013-08-28 10:04:58,0.0
2013-08-28 10:05:08,0.0
2013-08-28 10:05:18,0.0
2013-08-28 10:05:28,0.0
2013-08-28 10:05:38,0.0
2013-08-28 10:05:48,0.0
2013-08-28 10:05:58,0.0
2013-08-28 10:06:08,0.0
2013-08-28 10:06:18,0.0
2013-08-28 10:06:28,0.0
2013-08-28 10:06:38,0.0
2013-08-28 10:06:48,0.0
2013-08-28 10:06:58,0.0
2013-08-28 10:07:08,0.0
2013-08-28 10:07:18,0.0
2013-08-28 10:07:28,0.0
2013-08-28 10:07:38,0.0
2013-08-28 10:07:48,0.0
2013-08-28 10:07:58,0.0
2013-08-28 10:08:08,0.0
2013-08-28 10:08:18,0.0
2013-08-28 10:08:28,0.0
2013-08-28 10:08:38,0.0
2013-08-28 10:08:48,0.0
2013-08-28 10:08:58,0.0
2013-08-28 10:09:08,0.0
2013-08-28 10:09:18,0.0
2013-08-28 10:09:28,0.0
2013-08-28 10:09:38,0.0
2013-08-28 10:09:48,0.0
2013-08-28 10:09:58,0.0
2013-08-28 10:10:08,0.0
2013-08-28 10:10:18,0.0
2013-08-28 10:10:28,0.0
2013-08-28 10:10:38,0.0
2013-08-28 10:10:48,0.0
2013-08-28 10:10:58,0.0
2013-08-28 10:11:08,0.0
2013-08-28 10:11:18,0.0
2013-08-28 10:11:28,0.0
2013-08-28 10:11:38,0.0
2013-08-28 10:11:48,0.0
2013-08-28 10:11:58,0.0
2013-08-28 10:12:08,0.0
2013-08-28 10:12:18,0.0
2013-08-28 10:12:28,0.0
2013-08-28 10:12:38,0.0
2013-08-28 10:12:48,0.0
2013-08-28 10:12:58,0.0
2013-08-28 10:13:08,0.0
2013-08-28 10:13:18,0.0
2013-08-28 10:13:28,0.0
2013-08-28 10:13:38,0.0
2013-08-28 10:13:48,0.0
2013-08-28 10:13:58,0.0
2013-08-28 10:14:08,0.0
2013-08-28 10:14:18,0.0
2013-08-28 10:14:28,0.0
2013-08-28 10:14:38,0.0
2013-08-28 10:14:48,0.0
2013-08-28 10:14:58,0.0
2013-08-28 10:15:08,0.0
2013-08-28 10:15:18,0.0
2013-08-28 10:15:28,0.0
2013-08-28 10:15:38,0.0
2013-08-28 10:15:48,0.0
2013-08-28 10:15:58,0.0
2013-08-28 10:16:08,0.0
2013-08-28 10:16:18,0.0
2013-08-28 10:16:28,0.0
2013-08-28 10:16:38,0.0
2013-08-28 10:16:48,0.0
2013-08-28 10:16:58,0.0
2013-08-28 10:17:08,0.0
2013-08-28 10:17:18,0.0
2013-08-28 10:17:28,0.0
2013-08-28 10:17:38,0.0
2013-08-28 10:17:48,0.0
2013-08-28 10:17:58,0.0
2013-08-28 10:18:08,0.0
2013-08-28 10:18:18,0.0
2013-08-28 10:18:28,0.0
2013-08-28 10:18:38,0.0
2013-08-28 10:18:48,0.0
2013-08-28 10:18:58,0.0
2013-08-28 10:19:08,0.0
2013-08-28 10:19:18,0.0
2013-08-28 10:19:28,0.0
2013-08-28 10:19:38,0.0
2013-08-28 10:19:48,0.0
2013-08-28 10:19:58,0.0
2013-08-28 10:20:08,0.0
2013-08-28 10:20:18,0.0
2013-08-28 10:20:28,0.0
2013-08-28 10:20:38,0.0
2013-08-28 10:20:48,0.0
2013-08-28 10:20:58,0.0
2013-08-28 10:21:08,0.0
2013-08-28 10:21:18,0.0
2013-08-28 10:21:28,0.0
2013-08-28 10:21:38,0.0
2013-08-28 10:21:48,0.0
2013-08-28 10:21:58,0.0
2013-08-28 10:22:08,0.0
2013-08-28 10:22:18,0.0
2013-08-28 10:22:28,0.0
2013-08-28 10:22:38,0.0
2013-08-28 10:22:48,0.0
2013-08-28 10:22:58,0.0
2013-08-28 10:23:08,0.0
2013-08-28 10:23:18,0.0
2013-08-28 10:23:28,0.0
2013-08-28 10:23:38,0.0
2013-08-28 10:23:48,0.0
2013-08-28 10:23:58,0.0
2013-08-28 10:24:08,0.0
2013-08-28 10:24:18,0.0
2013-08-28 10:24:28,0.0
2013-08-28 10:24:38,0.0
2013-08-28 10:24:48,0.0
2013-08-28 10:24:58,0.0
2013-08-28 10:25:08,0.0
2013-08-28 10:25:18,0.0
2013-08-28 10:25:28,0.0
2013-08-28 10:25:38,0.0
2013-08-28 10:25:48,0.0
2013-08-28 10:25:58,0.0
2013-08-28 10:26:08,0.0
2013-08-28 10:26:18,0.0
2013-08-28 10:26:28,0.0
2013-08-28 10:26:38,0.0
2013-08-28 10:26:48,0.0
2013-08-28 10:26:58,0.0
2013-08-28 10:27:08,0.0
2013-08-28 10:27:18,0.0
2013-08-28 10:27:28,0.0
2013-08-28 10:27:38,0.0
2013-08-28 10:27:48,0.0
2013-08-28 10:27:58,0.0
2013-08-28 10:28:08,0.0
2013-08-28 10:28:18,0.0
2013-08-28 10:28:28,0.0
2013-08-28 10:28:38,0.0
2013-08-28 10:28:48,0.0
2013-08-28 10:28:58,0.0
2013-08-28 10:29:08,0.0
2013-08-28 10:29:18,0.0
2013-08-28 10:29:28,0.0
2013-08-28 10:29:38,0.0
2013-08-28 10:29:48,0.0
2013-08-28 10:29:58,0.0
2013-08-28 10:30:08,0.0
2013-08-28 10:30:18,0.0
2013-08-28 10:30:28,0.0
2013-08-28 10:30:38,0.0
2013-08-28 10:30:48,0.0
2013-08-28 10:30:58,0.0
2013-08-28 10:31:08,0.0
2013-08-28 10:31:18,0.0
2013-08-28 10:31:28,0.0
2013-08-28 10:31:38,0.0
2013-08-28 10:31:48,0.0
2013-08-28 10:31:58,0.0
2013-08-28 10:32:08,0.0
2013-08-28 10:32:18,0.0
2013-08-28 10:32:28,0.0
2013-08-28 10:32:38,0.0
2013-08-28 10:32:48,0.0
2013-08-28 10:32:58,0.0
2013-08-28 10:33:08,0.0
2013-08-28 10:33:18,0.0
2013-08-28 10:33:28,0.0
2013-08-28 10:33:38,0.0
2013-08-28 10:33:48,0.0
2013-08-28 10:33:58,0.0
2013-08-28 10:34:08,0.0
2013-08-28 10:34:18,0.0
2013-08-28 10:34:28,0.0
2013-08-28 10:34:38,0.0
2013-08-28 10:34:48,0.0
2013-08-28 10:34:58,0.0
2013-08-28 10:35:08,0.0
2013-08-28 10:35:18,0.0
2013-08-28 10:35:28,0.0
2013-08-28 10:35:38,0.0
2013-08-28 10:35:48,0.0
2013-08-28 10:35:58,0.0
2013-08-28 10:36:08,0.0
2013-08-28 10:36:18,0.0
2013-08-28 10:36:28,0.0
2013-08-28 10:36:38,0.0
2013-08-28 10:36:48,0.0
2013-08-28 10:36:58,0.0
2013-08-28 10:37:08,0.0
2013-08-28 10:37:18,0.0
2013-08-28 10:37:28,0.0
2013-08-28 10:37:38,0.0
2013-08-28 10:37:48,0.0
2013-08-28 10:37:58,0.0
2013-08-28 10:38:08,0.0
2013-08-28 10:38:18,0.0
2013-08-28 10:38:28,0.0
2013-08-28 10:38:38,0.0
2013-08-28 10:38:48,0.0
2013-08-28 10:38:58,0.0
2013-08-28 10:39:08,0.0
2013-08-28 10:39:18,0.0
2013-08-28 10:39:28,0.0
2013-08-28 10:39:38,0.0
2013-08-28 10:39:48,0.0
2013-08-28 10:39:58,0.0
2013-08-28 10:40:08,0.0
2013-08-28 10:40:18,0.0
2013-08-28 10:40:28,0.0
2013-08-28 10:40:38,0.0
2013-08-28 10:40:48,0.0
2013-08-28 10:40:58,0.0
2013-08-28 10:41:08,0.0
2013-08-28 10:41:18,0.0
2013-08-28 10:41:28,0.0
2013-08-28 10:41:38,0.0
2013-08-28 10:41:48,0.0
2013-08-28 10:41:58,0.0
2013-08-28 10:42:08,0.0
2013-08-28 10:42:18,0.0
2013-08-28 10:42:28,0.0
2013-08-28 10:42:38,0.0
2013-08-28 10:42:48,0.0
2013-08-28 10:42:58,0.0
2013-08-28 10:43:08,0.0
2013-08-28 10:43:18,0.0
2013-08-28 10:43:28,0.0
2013-08-28 10:43:38,0.0
2013-08-28 10:43:48,0.0
2013-08-28 10:43:58,0.0
2013-08-28 10:44:08,0.0
2013-08-28 10:44:18,0.0
2013-08-28 10:44:28,0.0
2013-08-28 10:44:38,0.0
2013-08-28 10:44:48,0.0
2013-08-28 10:44:58,0.0
2013-08-28 10:45:08,0.0
2013-08-28 10:45:18,0.0
2013-08-28 10:45:28,0.0
2013-08-28 10:45:38,0.0
2013-08-28 10:45:48,0.0
2013-08-28 10:45:58,0.0
2013-08-28 10:46:08,0.0
2013-08-28 10:46:18,0.0
2013-08-28 10:46:28,0.0
2013-08-28 10:46:38,0.0
2013-08-28 10:46:48,0.0
2013-08-28 10:46:58,0.0
2013-08-28 10:47:08,0.0
2013-08-28 10:47:18,0.0
2013-08-28 10:47:28,0.0
2013-08-28 10:47:38,0.0
2013-08-28 10:47:48,0.0
2013-08-28 10:47:58,0.0
2013-08-28 10:48:08,0.0
2013-08-28 10:48:18,0.0
2013-08-28 10:48:28,0.0
2013-08-28 10:48:38,0.0
2013-08-28 10:48:48,0.0
2013-08-28 10:48:58,0.0
2013-08-28 10:49:08,0.0
2013-08-28 10:49:18,0.0
2013-08-28 10:49:28,0.0
2013-08-28 10:49:38,0.0
2013-08-28 10:49:48,0.0
2013-08-28 10:49:58,0.0
2013-08-28 10:50:08,0.0
2013-08-28 10:50:18,0.0
2013-08-28 10:50:28,0.0
2013-08-28 10:50:38,0.0
2013-08-28 10:50:48,0.0
2013-08-28 10:50:58,0.0
2013-08-28 10:51:08,0.0
2013-08-28 10:51:18,0.0
2013-08-28 10:51:28,0.0
2013-08-28 10:51:38,0.0
2013-08-28 10:51:48,0.0
2013-08-28 10:51:58,0.0
2013-08-28 10:52:08,0.0
2013-08-28 10:52:18,0.0
2013-08-28 10:52:28,0.0
2013-08-28 10:52:38,0.0
2013-08-28 10:52:48,0.0
2013-08-28 10:52:58,0.0
2013-08-28 10:53:08,0.0
2013-08-28 10:53:18,0.0
2013-08-28 10:53:28,0.0
2013-08-28 10:53:38,0.0
2013-08-28 10:53:48,0.0
2013-08-28 10:53:58,0.0
2013-08-28 10:54:08,0.0
2013-08-28 10:54:18,0.0
2013-08-28 10:54:28,0.0
2013-08-28 10:54:38,0.0
2013-08-28 10:54:48,0.0
2013-08-28 10:54:58,0.0
2013-08-28 10:55:08,0.0
2013-08-28 10:55:18,0.0
2013-08-28 10:55:28,0.0
2013-08-28 10:55:38,0.0
2013-08-28 10:55:48,0.0
2013-08-28 10:55:58,0.0
2013-08-28 10:56:08,0.0
2013-08-28 10:56:18,0.0
2013-08-28 10:56:28,0.0
2013-08-28 10:56:38,0.0
2013-08-28 10:56:48,0.0
2013-08-28 10:56:58,0.0
2013-08-28 10:57:08,0.0
2013-08-28 10:57:18,0.0
2013-08-28 10:57:28,0.0
2013-08-28 10:57:38,0.0
2013-08-28 10:57:48,0.0
2013-08-28 10:57:58,0.0
2013-08-28 10:58:08,0.0
2013-08-28 10:58:18,0.0
2013-08-28 10:58:28,0.0
2013-08-28 10:58:38,0.0
2013-08-28 10:58:48,0.0
2013-08-28 10:58:58,0.0
2013-08-28 10:59:08,0.0
2013-08-28 10:59:18,0.0
2013-08-28 10:59:28,0.0
2013-08-28 10:59:38,0.0
2013-08-28 10:59:48,0.0
2013-08-28 10:59:58,0.0
2013-08-28 11:00:08,0.0
2013-08-28 11:00:18,0.0
2013-08-28 11:00:28,0.0
2013-08-28 11:00:38,0.0
2013-08-28 11:00:48,0.0
2013-08-28 11:00:58,0.0
2013-08-28 11:01:08,0.0
2013-08-28 11:01:18,0.0
2013-08-28 11:01:28,0.0
2013-08-28 11:01:38,0.0
2013-08-28 11:01:48,0.0
2013-08-28 11:01:58,0.0
2013-08-28 11:02:08,0.0
2013-08-28 11:02:18,0.0
2013-08-28 11:02:28,0.0
2013-08-28 11:02:38,0.0
2013-08-28 11:02:48,0.0
2013-08-28 11:02:58,0.0
2013-08-28 11:03:08,0.0
2013-08-28 11:03:18,0.0
2013-08-28 11:03:28,0.0
2013-08-28 11:03:38,0.0
2013-08-28 11:03:48,0.0
2013-08-28 11:03:58,0.0
2013-08-28 11:04:08,0.0
2013-08-28 11:04:18,0.0
2013-08-28 11:04:28,0.0
2013-08-28 11:04:38,0.0
2013-08-28 11:04:48,0.0
2013-08-28 11:04:58,0.0
2013-08-28 11:05:08,0.0
2013-08-28 11:05:18,0.0
2013-08-28 11:05:28,0.0
2013-08-28 11:05:38,0.0
2013-08-28 11:05:48,0.0
2013-08-28 11:05:58,0.0
2013-08-28 11:06:08,0.0
2013-08-28 11:06:18,0.0
2013-08-28 11:06:28,0.0
2013-08-28 11:06:38,0.0
2013-08-28 11:06:48,0.0
2013-08-28 11:06:58,0.0
2013-08-28 11:07:08,0.0
2013-08-28 11:07:18,0.0
2013-08-28 11:07:28,0.0
2013-08-28 11:07:38,0.0
2013-08-28 11:07:48,0.0
2013-08-28 11:07:58,0.0
2013-08-28 11:08:08,0.0
2013-08-28 11:08:18,0.0
2013-08-28 11:08:28,0.0
2013-08-28 11:08:38,0.0
2013-08-28 11:08:48,0.0
2013-08-28 11:08:58,0.0
2013-08-28 11:09:08,0.0
2013-08-28 11:09:18,0.0
2013-08-28 11:09:28,0.0
2013-08-28 11:09:38,0.0
2013-08-28 11:09:48,0.0
2013-08-28 11:09:58,0.0
2013-08-28 11:10:08,0.0
2013-08-28 11:10:18,0.0
2013-08-28 11:10:28,0.0
2013-08-28 11:10:38,0.0
2013-08-28 11:10:48,0.0
2013-08-28 11:10:58,0.0
2013-08-28 11:11:08,0.0
2013-08-28 11:11:18,0.0
2013-08-28 11:11:28,0.0
2013-08-28 11:11:38,0.0
2013-08-28 11:11:48,0.0
2013-08-28 11:11:58,0.0
2013-08-28 11:12:08,0.0
2013-08-28 11:12:18,0.0
2013-08-28 11:12:28,0.0
2013-08-28 11:12:38,0.0
2013-08-28 11:12:48,0.0
2013-08-28 11:12:58,0.0
2013-08-28 11:13:08,0.0
2013-08-28 11:13:18,0.0
2013-08-28 11:13:28,0.0
2013-08-28 11:13:38,0.0
2013-08-28 11:13:48,0.0
2013-08-28 11:13:58,0.0
2013-08-28 11:14:08,0.0
2013-08-28 11:14:18,0.0
2013-08-28 11:14:28,0.0
2013-08-28 11:14:38,0.0
2013-08-28 11:14:48,0.0
2013-08-28 11:14:58,0.0
2013-08-28 11:15:08,0.0
2013-08-28 11:15:18,0.0
2013-08-28 11:15:28,0.0
2013-08-28 11:15:38,0.0
2013-08-28 11:15:48,0.0
2013-08-28 11:15:58,0.0
2013-08-28 11:16:08,0.0
2013-08-28 11:16:18,0.0
2013-08-28 11:16:28,0.0
2013-08-28 11:16:38,0.0
2013-08-28 11:16:48,0.0
2013-08-28 11:16:58,0.0
2013-08-28 11:17:08,0.0
2013-08-28 11:17:18,0.0
2013-08-28 11:17:28,0.0
2013-08-28 11:17:38,0.0
2013-08-28 11:17:48,0.0
2013-08-28 11:17:58,0.0
2013-08-28 11:18:08,0.0
2013-08-28 11:18:18,0.0
2013-08-28 11:18:28,0.0
2013-08-28 11:18:38,0.0
2013-08-28 11:18:48,0.0
2013-08-28 11:18:58,0.0
2013-08-28 11:19:08,0.0
2013-08-28 11:19:18,0.0
2013-08-28 11:19:28,0.0
2013-08-28 11:19:38,0.0
2013-08-28 11:19:48,0.0
2013-08-28 11:19:58,0.0
2013-08-28 11:20:08,0.0
2013-08-28 11:20:18,0.0
2013-08-28 11:20:28,0.0
2013-08-28 11:20:38,0.0
2013-08-28 11:20:48,0.0
2013-08-28 11:20:58,0.0
2013-08-28 11:21:08,0.0
2013-08-28 11:21:18,0.0
2013-08-28 11:21:28,0.0
2013-08-28 11:21:38,0.0
2013-08-28 11:21:48,0.0
2013-08-28 11:21:58,0.0
2013-08-28 11:22:08,0.0
2013-08-28 11:22:18,0.0
2013-08-28 11:22:28,0.0
2013-08-28 11:22:38,0.0
2013-08-28 11:22:48,0.0
2013-08-28 11:22:58,0.0
2013-08-28 11:23:08,0.0
2013-08-28 11:23:18,0.0
2013-08-28 11:23:28,0.0
2013-08-28 11:23:38,0.0
2013-08-28 11:23:48,0.0
2013-08-28 11:23:58,0.0
2013-08-28 11:24:08,0.0
2013-08-28 11:24:18,0.0
2013-08-28 11:24:28,0.0
2013-08-28 11:24:38,0.0
2013-08-28 11:24:48,0.0
2013-08-28 11:24:58,0.0
2013-08-28 11:25:08,0.0
2013-08-28 11:25:18,0.0
2013-08-28 11:25:28,0.0
2013-08-28 11:25:38,0.0
2013-08-28 11:25:48,0.0
2013-08-28 11:25:58,0.0
2013-08-28 11:26:08,0.0
2013-08-28 11:26:18,0.0
2013-08-28 11:26:28,0.0
2013-08-28 11:26:38,0.0
2013-08-28 11:26:48,0.0
2013-08-28 11:26:58,0.0
2013-08-28 11:27:08,0.0
2013-08-28 11:27:18,0.0
2013-08-28 11:27:28,0.0
2013-08-28 11:27:38,0.0
2013-08-28 11:27:48,0.0
2013-08-28 11:27:58,0.0
2013-08-28 11:28:08,0.0
2013-08-28 11:28:18,0.0
2013-08-28 11:28:28,0.0
2013-08-28 11:28:38,0.0
2013-08-28 11:28:48,0.0
2013-08-28 11:28:58,0.0
2013-08-28 11:29:08,0.0
2013-08-28 11:29:18,0.0
2013-08-28 11:29:28,0.0
2013-08-28 11:29:38,0.0
2013-08-28 11:29:48,0.0
2013-08-28 11:29:58,0.0
2013-08-28 11:30:08,0.0
2013-08-28 11:30:18,0.0
2013-08-28 11:30:28,0.0
2013-08-28 11:30:38,0.0
2013-08-28 11:30:48,0.0
2013-08-28 11:30:58,0.0
2013-08-28 11:31:08,0.0
2013-08-28 11:31:18,0.0
2013-08-28 11:31:28,0.0
2013-08-28 11:31:38,0.0
2013-08-28 11:31:48,0.0
2013-08-28 11:31:58,0.0
2013-08-28 11:32:08,0.0
2013-08-28 11:32:18,0.0
2013-08-28 11:32:28,0.0
2013-08-28 11:32:38,0.0
2013-08-28 11:32:48,0.0
2013-08-28 11:32:58,0.0
2013-08-28 11:33:08,0.0
2013-08-28 11:33:18,0.0
2013-08-28 11:33:28,0.0
2013-08-28 11:33:38,0.0
2013-08-28 11:33:48,0.0
2013-08-28 11:33:58,0.0
2013-08-28 11:34:08,0.0
2013-08-28 11:34:18,0.0
2013-08-28 11:34:28,0.0
2013-08-28 11:34:38,0.0
2013-08-28 11:34:48,0.0
2013-08-28 11:34:58,0.0
2013-08-28 11:35:08,0.0
2013-08-28 11:35:18,0.0
2013-08-28 11:35:28,0.0
2013-08-28 11:35:38,0.0
2013-08-28 11:35:48,0.0
2013-08-28 11:35:58,0.0
2013-08-28 11:36:08,0.0
2013-08-28 11:36:18,0.0
2013-08-28 11:36:28,0.0
2013-08-28 11:36:38,0.0
2013-08-28 11:36:48,0.0
2013-08-28 11:36:58,0.0
2013-08-28 11:37:08,0.0
2013-08-28 11:37:18,0.0
2013-08-28 11:37:28,0.0
2013-08-28 11:37:38,0.0
2013-08-28 11:37:48,0.0
2013-08-28 11:37:58,0.0
2013-08-28 11:38:08,0.0
2013-08-28 11:38:18,0.0
2013-08-28 11:38:28,0.0
2013-08-28 11:38:38,0.0
2013-08-28 11:38:48,0.0
2013-08-28 11:38:58,0.0
2013-08-28 11:39:08,0.0
2013-08-28 11:39:18,0.0
2013-08-28 11:39:28,0.0
2013-08-28 11:39:38,0.0
2013-08-28 11:39:48,0.0
2013-08-28 11:39:58,0.0
2013-08-28 11:40:08,0.0
2013-08-28 11:40:18,0.0
2013-08-28 11:40:28,0.0
2013-08-28 11:40:38,0.0
2013-08-28 11:40:48,0.0
2013-08-28 11:40:58,0.0
2013-08-28 11:41:08,0.0
2013-08-28 11:41:18,0.0
2013-08-28 11:41:28,0.0
2013-08-28 11:41:38,0.0
2013-08-28 11:41:48,0.0
2013-08-28 11:41:58,0.0
2013-08-28 11:42:08,0.0
2013-08-28 11:42:18,0.0
2013-08-28 11:42:28,0.0
2013-08-28 11:42:38,0.0
2013-08-28 11:42:48,0.0
2013-08-28 11:42:58,0.0
2013-08-28 11:43:08,0.0
2013-08-28 11:43:18,0.0
2013-08-28 11:43:28,0.0
2013-08-28 11:43:38,0.0
2013-08-28 11:43:48,0.0
2013-08-28 11:43:58,0.0
2013-08-28 11:44:08,0.0
2013-08-28 11:44:18,0.0
2013-08-28 11:44:28,0.0
2013-08-28 11:44:38,0.0
2013-08-28 11:44:48,0.0
2013-08-28 11:44:58,0.0
2013-08-28 11:45:08,0.0
2013-08-28 11:45:18,0.0
2013-08-28 11:45:28,0.0
2013-08-28 11:45:38,0.0
2013-08-28 11:45:48,0.0
2013-08-28 11:45:58,0.0
2013-08-28 11:46:08,0.0
2013-08-28 11:46:18,0.0
2013-08-28 11:46:28,0.0
2013-08-28 11:46:38,0.0
2013-08-28 11:46:48,0.0
2013-08-28 11:46:58,0.0
2013-08-28 11:47:08,0.0
2013-08-28 11:47:18,0.0
2013-08-28 11:47:28,0.0
2013-08-28 11:47:38,0.0
2013-08-28 11:47:48,0.0
2013-08-28 11:47:58,0.0
2013-08-28 11:48:08,0.0
2013-08-28 11:48:18,0.0
2013-08-28 11:48:28,0.0
2013-08-28 11:48:38,0.0
2013-08-28 11:48:48,0.0
2013-08-28 11:48:58,0.0
2013-08-28 11:49:08,0.0
2013-08-28 11:49:18,0.0
2013-08-28 11:49:28,0.0
2013-08-28 11:49:38,0.0
2013-08-28 11:49:48,0.0
2013-08-28 11:49:58,0.0
2013-08-28 11:50:08,0.0
2013-08-28 11:50:18,0.0
2013-08-28 11:50:28,0.0
2013-08-28 11:50:38,0.0
2013-08-28 11:50:48,0.0
2013-08-28 11:50:58,0.0
2013-08-28 11:51:08,0.0
2013-08-28 11:51:18,0.0
2013-08-28 11:51:28,0.0
2013-08-28 11:51:38,0.0
2013-08-28 11:51:48,0.0
2013-08-28 11:51:58,0.0
2013-08-28 11:52:08,0.0
2013-08-28 11:52:18,0.0
2013-08-28 11:52:28,0.0
2013-08-28 11:52:38,0.0
2013-08-28 11:52:48,0.0
2013-08-28 11:52:58,0.0
2013-08-28 11:53:08,0.0
2013-08-28 11:53:18,0.0
2013-08-28 11:53:28,0.0
2013-08-28 11:53:38,0.0
2013-08-28 11:53:48,0.0
2013-08-28 11:53:58,0.0
2013-08-28 11:54:08,0.0
2013-08-28 11:54:18,0.0
2013-08-28 11:54:28,0.0
2013-08-28 11:54:38,0.0
2013-08-28 11:54:48,0.0
2013-08-28 11:54:58,0.0
2013-08-28 11:55:08,0.0
2013-08-28 11:55:18,0.0
2013-08-28 11:55:28,0.0
2013-08-28 11:55:38,0.0
2013-08-28 11:55:48,0.0
2013-08-28 11:55:58,0.0
2013-08-28 11:56:08,0.0
2013-08-28 11:56:18,0.0
2013-08-28 11:56:28,0.0
2013-08-28 11:56:38,0.0
2013-08-28 11:56:48,0.0
2013-08-28 11:56:58,0.0
2013-08-28 11:57:08,0.0
2013-08-28 11:57:18,0.0
2013-08-28 11:57:28,0.0
2013-08-28 11:57:38,0.0
2013-08-28 11:57:48,0.0
2013-08-28 11:57:58,0.0
2013-08-28 11:58:08,0.0
2013-08-28 11:58:18,0.0
2013-08-28 11:58:28,0.0
2013-08-28 11:58:38,0.0
2013-08-28 11:58:48,0.0
2013-08-28 11:58:58,0.0
2013-08-28 11:59:08,0.0
2013-08-28 11:59:18,0.0
2013-08-28 11:59:28,0.0
2013-08-28 11:59:38,0.0
2013-08-28 11:59:48,0.0
2013-08-28 11:59:58,0.0
2013-08-28 12:00:08,0.0
2013-08-28 12:00:18,0.0
2013-08-28 12:00:28,0.0
2013-08-28 12:00:38,0.0
2013-08-28 12:00:48,0.0
2013-08-28 12:00:58,0.0
2013-08-28 12:01:08,0.0
2013-08-28 12:01:18,0.0
2013-08-28 12:01:28,0.0
2013-08-28 12:01:38,0.0
2013-08-28 12:01:48,0.0
2013-08-28 12:01:58,0.0
2013-08-28 12:02:08,0.0
2013-08-28 12:02:18,0.0
2013-08-28 12:02:28,0.0
2013-08-28 12:02:38,0.0
2013-08-28 12:02:48,0.0
2013-08-28 12:02:58,0.0
2013-08-28 12:03:08,0.0
2013-08-28 12:03:18,0.0
2013-08-28 12:03:28,0.0
2013-08-28 12:03:38,0.0
2013-08-28 12:03:48,0.0
2013-08-28 12:03:58,0.0
2013-08-28 12:04:08,0.0
2013-08-28 12:04:18,0.0
2013-08-28 12:04:28,0.0
2013-08-28 12:04:38,0.0
2013-08-28 12:04:48,0.0
2013-08-28 12:04:58,0.0
2013-08-28 12:05:08,0.0
2013-08-28 12:05:18,0.0
2013-08-28 12:05:28,0.0
2013-08-28 12:05:38,0.0
2013-08-28 12:05:48,0.0
2013-08-28 12:05:58,0.0
2013-08-28 12:06:08,0.0
2013-08-28 12:06:18,0.0
2013-08-28 12:06:28,0.0
2013-08-28 12:06:38,0.0
2013-08-28 12:06:48,0.0
2013-08-28 12:06:58,0.0
2013-08-28 12:07:08,0.0
2013-08-28 12:07:18,0.0
2013-08-28 12:07:28,0.0
2013-08-28 12:07:38,0.0
2013-08-28 12:07:48,0.0
2013-08-28 12:07:58,0.0
2013-08-28 12:08:08,0.0
2013-08-28 12:08:18,0.0
2013-08-28 12:08:28,0.0
2013-08-28 12:08:38,0.0
2013-08-28 12:08:48,0.0
2013-08-28 12:08:58,0.0
2013-08-28 12:09:08,0.0
2013-08-28 12:09:18,0.0
2013-08-28 12:09:28,0.0
2013-08-28 12:09:38,0.0
2013-08-28 12:09:48,0.0
2013-08-28 12:09:58,0.0
2013-08-28 12:10:08,0.0
2013-08-28 12:10:18,0.0
2013-08-28 12:10:28,0.0
2013-08-28 12:10:38,0.0
2013-08-28 12:10:48,0.0
2013-08-28 12:10:58,0.0
2013-08-28 12:11:08,0.0
2013-08-28 12:11:18,0.0
2013-08-28 12:11:28,0.0
2013-08-28 12:11:38,0.0
2013-08-28 12:11:48,0.0
2013-08-28 12:11:58,0.0
2013-08-28 12:12:08,0.0
2013-08-28 12:12:18,0.0
2013-08-28 12:12:28,0.0
2013-08-28 12:12:38,0.0
2013-08-28 12:12:48,0.0
2013-08-28 12:12:58,0.0
2013-08-28 12:13:08,0.0
2013-08-28 12:13:18,0.0
2013-08-28 12:13:28,0.0
2013-08-28 12:13:38,0.0
2013-08-28 12:13:48,0.0
2013-08-28 12:13:58,0.0
2013-08-28 12:14:08,0.0
2013-08-28 12:14:18,0.0
2013-08-28 12:14:28,0.0
2013-08-28 12:14:38,0.0
2013-08-28 12:14:48,0.0
2013-08-28 12:14:58,0.0
2013-08-28 12:15:08,0.0
2013-08-28 12:15:18,0.0
2013-08-28 12:15:28,0.0
2013-08-28 12:15:38,0.0
2013-08-28 12:15:48,0.0
2013-08-28 12:15:58,0.0
2013-08-28 12:16:08,0.0
2013-08-28 12:16:18,0.0
2013-08-28 12:16:28,0.0
2013-08-28 12:16:38,0.0
2013-08-28 12:16:48,0.0
2013-08-28 12:16:58,0.0
2013-08-28 12:17:08,0.0
2013-08-28 12:17:18,0.0
2013-08-28 12:17:28,0.0
2013-08-28 12:17:38,0.0
2013-08-28 12:17:48,0.0
2013-08-28 12:17:58,0.0
2013-08-28 12:18:08,0.0
2013-08-28 12:18:18,0.0
2013-08-28 12:18:28,0.0
2013-08-28 12:18:38,0.0
2013-08-28 12:18:48,0.0
2013-08-28 12:18:58,0.0
2013-08-28 12:19:08,0.0
2013-08-28 12:19:18,0.0
2013-08-28 12:19:28,0.0
2013-08-28 12:19:38,0.0
2013-08-28 12:19:48,0.0
2013-08-28 12:19:58,0.0
2013-08-28 12:20:08,0.0
2013-08-28 12:20:18,0.0
2013-08-28 12:20:28,0.0
2013-08-28 12:20:38,0.0
2013-08-28 12:20:48,0.0
2013-08-28 12:20:58,0.0
2013-08-28 12:21:08,0.0
2013-08-28 12:21:18,0.0
2013-08-28 12:21:28,0.0
2013-08-28 12:21:38,0.0
2013-08-28 12:21:48,0.0
2013-08-28 12:21:58,0.0
2013-08-28 12:22:08,0.0
2013-08-28 12:22:18,0.0
2013-08-28 12:22:28,0.0
2013-08-28 12:22:38,0.0
2013-08-28 12:22:48,0.0
2013-08-28 12:22:58,0.0
2013-08-28 12:23:08,0.0
2013-08-28 12:23:18,0.0
2013-08-28 12:23:28,0.0
2013-08-28 12:23:38,0.0
2013-08-28 12:23:48,0.0
2013-08-28 12:23:58,0.0
2013-08-28 12:24:08,0.0
2013-08-28 12:24:18,0.0
2013-08-28 12:24:28,0.0
2013-08-28 12:24:38,0.0
2013-08-28 12:24:48,0.0
2013-08-28 12:24:58,0.0
2013-08-28 12:25:08,0.0
2013-08-28 12:25:18,0.0
2013-08-28 12:25:28,0.0
2013-08-28 12:25:38,0.0
2013-08-28 12:25:48,0.0
2013-08-28 12:25:58,0.0
2013-08-28 12:26:08,0.0
2013-08-28 12:26:18,0.0
2013-08-28 12:26:28,0.0
2013-08-28 12:26:38,0.0
2013-08-28 12:26:48,0.0
2013-08-28 12:26:58,0.0
2013-08-28 12:27:08,0.0
2013-08-28 12:27:18,0.0
2013-08-28 12:27:28,0.0
2013-08-28 12:27:38,0.0
2013-08-28 12:27:48,0.0
2013-08-28 12:27:58,0.0
2013-08-28 12:28:08,0.0
2013-08-28 12:28:18,0.0
2013-08-28 12:28:28,0.0
2013-08-28 12:28:38,0.0
2013-08-28 12:28:48,0.0
2013-08-28 12:28:58,0.0
2013-08-28 12:29:08,0.0
2013-08-28 12:29:18,0.0
2013-08-28 12:29:28,0.0
2013-08-28 12:29:38,0.0
2013-08-28 12:29:48,0.0
2013-08-28 12:29:58,0.0
2013-08-28 12:30:08,0.0
2013-08-28 12:30:18,0.0
2013-08-28 12:30:28,0.0
2013-08-28 12:30:38,0.0
2013-08-28 12:30:48,0.0
2013-08-28 12:30:58,0.0
2013-08-28 12:31:08,0.0
2013-08-28 12:31:18,0.0
2013-08-28 12:31:28,0.0
2013-08-28 12:31:38,0.0
2013-08-28 12:31:48,0.0
2013-08-28 12:31:58,0.0
2013-08-28 12:32:08,0.0
2013-08-28 12:32:18,0.0
2013-08-28 12:32:28,0.0
2013-08-28 12:32:38,0.0
2013-08-28 12:32:48,0.0
2013-08-28 12:32:58,0.0
2013-08-28 12:33:08,0.0
2013-08-28 12:33:18,0.0
2013-08-28 12:33:28,0.0
2013-08-28 12:33:38,0.0
2013-08-28 12:33:48,0.0
2013-08-28 12:33:58,0.0
2013-08-28 12:34:08,0.0
2013-08-28 12:34:18,0.0
2013-08-28 12:34:28,0.0
2013-08-28 12:34:38,0.0
2013-08-28 12:34:48,0.0
2013-08-28 12:34:58,0.0
2013-08-28 12:35:08,0.0
2013-08-28 12:35:18,0.0
2013-08-28 12:35:28,0.0
2013-08-28 12:35:38,0.0
2013-08-28 12:35:48,0.0
2013-08-28 12:35:58,0.0
2013-08-28 12:36:08,0.0
2013-08-28 12:36:18,0.0
2013-08-28 12:36:28,0.0
2013-08-28 12:36:38,0.0
2013-08-28 12:36:48,0.0
2013-08-28 12:36:58,0.0
2013-08-28 12:37:08,0.0
2013-08-28 12:37:18,0.0
2013-08-28 12:37:28,0.0
2013-08-28 12:37:38,0.0
2013-08-28 12:37:48,0.0
2013-08-28 12:37:58,0.0
2013-08-28 12:38:08,0.0
2013-08-28 12:38:18,0.0
2013-08-28 12:38:28,0.0
2013-08-28 12:38:38,0.0
2013-08-28 12:38:48,0.0
2013-08-28 12:38:58,0.0
2013-08-28 12:39:08,0.0
2013-08-28 12:39:18,0.0
2013-08-28 12:39:28,0.0
2013-08-28 12:39:38,0.0
2013-08-28 12:39:48,0.0
2013-08-28 12:39:58,0.0
2013-08-28 12:40:08,0.0
2013-08-28 12:40:18,0.0
2013-08-28 12:40:28,0.0
2013-08-28 12:40:38,0.0
2013-08-28 12:40:48,0.0
2013-08-28 12:40:58,0.0
2013-08-28 12:41:08,0.0
2013-08-28 12:41:18,0.0
2013-08-28 12:41:28,0.0
2013-08-28 12:41:38,0.0
2013-08-28 12:41:48,0.0
2013-08-28 12:41:58,0.0
2013-08-28 12:42:08,0.0
2013-08-28 12:42:18,0.0
2013-08-28 12:42:28,0.0
2013-08-28 12:42:38,0.0
2013-08-28 12:42:48,0.0
2013-08-28 12:42:58,0.0
2013-08-28 12:43:08,0.0
2013-08-28 12:43:18,0.0
2013-08-28 12:43:28,0.0
2013-08-28 12:43:38,0.0
2013-08-28 12:43:48,0.0
2013-08-28 12:43:58,0.0
2013-08-28 12:44:08,0.0
2013-08-28 12:44:18,0.0
2013-08-28 12:44:28,0.0
2013-08-28 12:44:38,0.0
2013-08-28 12:44:48,0.0
2013-08-28 12:44:58,0.0
2013-08-28 12:45:08,0.0
2013-08-28 12:45:18,0.0
2013-08-28 12:45:28,0.0
2013-08-28 12:45:38,0.0
2013-08-28 12:45:48,0.0
2013-08-28 12:45:58,0.0
2013-08-28 12:46:08,0.0
2013-08-28 12:46:18,0.0
2013-08-28 12:46:28,0.0
2013-08-28 12:46:38,0.0
2013-08-28 12:46:48,0.0
2013-08-28 12:46:58,0.0
2013-08-28 12:47:08,0.0
2013-08-28 12:47:18,0.0
2013-08-28 12:47:28,0.0
2013-08-28 12:47:38,0.0
2013-08-28 12:47:48,0.0
2013-08-28 12:47:58,0.0
2013-08-28 12:48:08,0.0
2013-08-28 12:48:18,0.0
2013-08-28 12:48:28,0.0
2013-08-28 12:48:38,0.0
2013-08-28 12:48:48,0.0
2013-08-28 12:48:58,0.0
2013-08-28 12:49:08,0.0
2013-08-28 12:49:18,0.0
2013-08-28 12:49:28,0.0
2013-08-28 12:49:38,0.0
2013-08-28 12:49:48,0.0
2013-08-28 12:49:58,0.0
2013-08-28 12:50:08,0.0
2013-08-28 12:50:18,0.0
2013-08-28 12:50:28,0.0
2013-08-28 12:50:38,0.0
2013-08-28 12:50:48,0.0
2013-08-28 12:50:58,0.0
2013-08-28 12:51:08,0.0
2013-08-28 12:51:18,0.0
2013-08-28 12:51:28,0.0
2013-08-28 12:51:38,0.0
2013-08-28 12:51:48,0.0
2013-08-28 12:51:58,0.0
2013-08-28 12:52:08,0.0
2013-08-28 12:52:18,0.0
2013-08-28 12:52:28,0.0
2013-08-28 12:52:38,0.0
2013-08-28 12:52:48,0.0
2013-08-28 12:52:58,0.0
2013-08-28 12:53:08,0.0
2013-08-28 12:53:18,0.0
2013-08-28 12:53:28,0.0
2013-08-28 12:53:38,0.0
2013-08-28 12:53:48,0.0
2013-08-28 12:53:58,0.0
2013-08-28 12:54:08,0.0
2013-08-28 12:54:18,0.0
2013-08-28 12:54:28,0.0
2013-08-28 12:54:38,0.0
2013-08-28 12:54:48,0.0
2013-08-28 12:54:58,0.0
2013-08-28 12:55:08,0.0
2013-08-28 12:55:18,0.0
2013-08-28 12:55:28,0.0
2013-08-28 12:55:38,0.0
2013-08-28 12:55:48,0.0
2013-08-28 12:55:58,0.0
2013-08-28 12:56:08,0.0
2013-08-28 12:56:18,0.0
2013-08-28 12:56:28,0.0
2013-08-28 12:56:38,0.0
2013-08-28 12:56:48,0.0
2013-08-28 12:56:58,0.0
2013-08-28 12:57:08,0.0
2013-08-28 12:57:18,0.0
2013-08-28 12:57:28,0.0
2013-08-28 12:57:38,0.0
2013-08-28 12:57:48,0.0
2013-08-28 12:57:58,0.0
2013-08-28 12:58:08,0.0
2013-08-28 12:58:18,0.0
2013-08-28 12:58:28,0.0
2013-08-28 12:58:38,0.0
2013-08-28 12:58:48,0.0
2013-08-28 12:58:58,0.0
2013-08-28 12:59:08,0.0
2013-08-28 12:59:18,0.0
2013-08-28 12:59:28,0.0
2013-08-28 12:59:38,0.0
2013-08-28 12:59:48,0.0
2013-08-28 12:59:58,0.0
2013-08-28 13:00:08,0.0
2013-08-28 13:00:18,0.0
2013-08-28 13:00:28,0.0
2013-08-28 13:00:38,0.0
2013-08-28 13:00:48,0.0
2013-08-28 13:00:58,0.0
2013-08-28 13:01:08,0.0
2013-08-28 13:01:18,0.0
2013-08-28 13:01:28,0.0
2013-08-28 13:01:38,0.0
2013-08-28 13:01:48,0.0
2013-08-28 13:01:58,0.0
2013-08-28 13:02:08,0.0
2013-08-28 13:02:18,0.0
2013-08-28 13:02:28,0.0
2013-08-28 13:02:38,0.0
2013-08-28 13:02:48,0.0
2013-08-28 13:02:58,0.0
2013-08-28 13:03:08,0.0
2013-08-28 13:03:18,0.0
2013-08-28 13:03:28,0.0
2013-08-28 13:03:38,0.0
2013-08-28 13:03:48,0.0
2013-08-28 13:03:58,0.0
2013-08-28 13:04:08,0.0
2013-08-28 13:04:18,0.0
2013-08-28 13:04:28,0.0
2013-08-28 13:04:38,0.0
2013-08-28 13:04:48,0.0
2013-08-28 13:04:58,0.0
2013-08-28 13:05:08,0.0
2013-08-28 13:05:18,0.0
2013-08-28 13:05:28,0.0
2013-08-28 13:05:38,0.0
2013-08-28 13:05:48,0.0
2013-08-28 13:05:58,0.0
2013-08-28 13:06:08,0.0
2013-08-28 13:06:18,0.0
2013-08-28 13:06:28,0.0
2013-08-28 13:06:38,0.0
2013-08-28 13:06:48,0.0
2013-08-28 13:06:58,0.0
2013-08-28 13:07:08,0.0
2013-08-28 13:07:18,0.0
2013-08-28 13:07:28,0.0
2013-08-28 13:07:38,0.0
2013-08-28 13:07:48,0.0
2013-08-28 13:07:58,0.0
2013-08-28 13:08:08,0.0
2013-08-28 13:08:18,0.0
2013-08-28 13:08:28,0.0
2013-08-28 13:08:38,0.0
2013-08-28 13:08:48,0.0
2013-08-28 13:08:58,0.0
2013-08-28 13:09:08,0.0
2013-08-28 13:09:18,0.0
2013-08-28 13:09:28,0.0
2013-08-28 13:09:38,0.0
2013-08-28 13:09:48,0.0
2013-08-28 13:09:58,0.0
2013-08-28 13:10:08,0.0
2013-08-28 13:10:18,0.0
2013-08-28 13:10:28,0.0
2013-08-28 13:10:38,0.0
2013-08-28 13:10:48,0.0
2013-08-28 13:10:58,0.0
2013-08-28 13:11:08,0.0
2013-08-28 13:11:18,0.0
2013-08-28 13:11:28,0.0
2013-08-28 13:11:38,0.0
2013-08-28 13:11:48,0.0
2013-08-28 13:11:58,0.0
2013-08-28 13:12:08,0.0
2013-08-28 13:12:18,0.0
2013-08-28 13:12:28,0.0
2013-08-28 13:12:38,0.0
2013-08-28 13:12:48,0.0
2013-08-28 13:12:58,0.0
2013-08-28 13:13:08,0.0
2013-08-28 13:13:18,0.0
2013-08-28 13:13:28,0.0
2013-08-28 13:13:38,0.0
2013-08-28 13:13:48,0.0
2013-08-28 13:13:58,0.0
2013-08-28 13:14:08,0.0
2013-08-28 13:14:18,0.0
2013-08-28 13:14:28,0.0
2013-08-28 13:14:38,0.0
2013-08-28 13:14:48,0.0
2013-08-28 13:14:58,0.0
2013-08-28 13:15:08,0.0
2013-08-28 13:15:18,0.0
2013-08-28 13:15:28,0.0
2013-08-28 13:15:38,0.0
2013-08-28 13:15:48,0.0
2013-08-28 13:15:58,0.0
2013-08-28 13:16:08,0.0
2013-08-28 13:16:18,0.0
2013-08-28 13:16:28,0.0
2013-08-28 13:16:38,0.0
2013-08-28 13:16:48,0.0
2013-08-28 13:16:58,0.0
2013-08-28 13:17:08,0.0
2013-08-28 13:17:18,0.0
2013-08-28 13:17:28,0.0
2013-08-28 13:17:38,0.0
2013-08-28 13:17:48,0.0
2013-08-28 13:17:58,0.0
2013-08-28 13:18:08,0.0
2013-08-28 13:18:18,0.0
2013-08-28 13:18:28,0.0
2013-08-28 13:18:38,0.0
2013-08-28 13:18:48,0.0
2013-08-28 13:18:58,0.0
2013-08-28 13:19:08,0.0
2013-08-28 13:19:18,0.0
2013-08-28 13:19:28,0.0
2013-08-28 13:19:38,0.0
2013-08-28 13:19:48,0.0
2013-08-28 13:19:58,0.0
2013-08-28 13:20:08,0.0
2013-08-28 13:20:18,0.0
2013-08-28 13:20:28,0.0
2013-08-28 13:20:38,0.0
2013-08-28 13:20:48,0.0
2013-08-28 13:20:58,0.0
2013-08-28 13:21:08,0.0
2013-08-28 13:21:18,0.0
2013-08-28 13:21:28,0.0
2013-08-28 13:21:38,0.0
2013-08-28 13:21:48,0.0
2013-08-28 13:21:58,0.0
2013-08-28 13:22:08,0.0
2013-08-28 13:22:18,0.0
2013-08-28 13:22:28,0.0
2013-08-28 13:22:38,0.0
2013-08-28 13:22:48,0.0
2013-08-28 13:22:58,0.0
2013-08-28 13:23:08,0.0
2013-08-28 13:23:18,0.0
2013-08-28 13:23:28,0.0
2013-08-28 13:23:38,0.0
2013-08-28 13:23:48,0.0
2013-08-28 13:23:58,0.0
2013-08-28 13:24:08,0.0
2013-08-28 13:24:18,0.0
2013-08-28 13:24:28,0.0
2013-08-28 13:24:38,0.0
2013-08-28 13:24:48,0.0
2013-08-28 13:24:58,0.0
2013-08-28 13:25:08,0.0
2013-08-28 13:25:18,0.0
2013-08-28 13:25:28,0.0
2013-08-28 13:25:38,0.0
2013-08-28 13:25:48,0.0
2013-08-28 13:25:58,0.0
2013-08-28 13:26:08,0.0
2013-08-28 13:26:18,0.0
2013-08-28 13:26:28,0.0
2013-08-28 13:26:38,0.0
2013-08-28 13:26:48,0.0
2013-08-28 13:26:58,0.0
2013-08-28 13:27:08,0.0
2013-08-28 13:27:18,0.0
2013-08-28 13:27:28,0.0
2013-08-28 13:27:38,0.0
2013-08-28 13:27:48,0.0
2013-08-28 13:27:58,0.0
2013-08-28 13:28:08,0.0
2013-08-28 13:28:18,0.0
2013-08-28 13:28:28,0.0
2013-08-28 13:28:38,0.0
2013-08-28 13:28:48,0.0
2013-08-28 13:28:58,0.0
2013-08-28 13:29:08,0.0
2013-08-28 13:29:18,0.0
2013-08-28 13:29:28,0.0
2013-08-28 13:29:38,0.0
2013-08-28 13:29:48,0.0
2013-08-28 13:29:58,0.0
2013-08-28 13:30:08,0.0
2013-08-28 13:30:18,0.0
2013-08-28 13:30:28,0.0
2013-08-28 13:30:38,0.0
2013-08-28 13:30:48,0.0
2013-08-28 13:30:58,0.0
2013-08-28 13:31:08,0.0
2013-08-28 13:31:18,0.0
2013-08-28 13:31:28,0.0
2013-08-28 13:31:38,0.0
2013-08-28 13:31:48,0.0
2013-08-28 13:31:58,0.0
2013-08-28 13:32:08,0.0
2013-08-28 13:32:18,0.0
2013-08-28 13:32:28,0.0
2013-08-28 13:32:38,0.0
2013-08-28 13:32:48,0.0
2013-08-28 13:32:58,0.0
2013-08-28 13:33:08,0.0
2013-08-28 13:33:18,0.0
2013-08-28 13:33:28,0.0
2013-08-28 13:33:38,0.0
2013-08-28 13:33:48,0.0
2013-08-28 13:33:58,0.0
2013-08-28 13:34:08,0.0
2013-08-28 13:34:18,0.0
2013-08-28 13:34:28,0.0
2013-08-28 13:34:38,0.0
2013-08-28 13:34:48,0.0
2013-08-28 13:34:58,0.0
2013-08-28 13:35:08,0.0
2013-08-28 13:35:18,0.0
2013-08-28 13:35:28,0.0
2013-08-28 13:35:38,0.0
2013-08-28 13:35:48,0.0
2013-08-28 13:35:58,0.0
2013-08-28 13:36:08,0.0
2013-08-28 13:36:18,0.0
2013-08-28 13:36:28,0.0
2013-08-28 13:36:38,0.0
2013-08-28 13:36:48,0.0
2013-08-28 13:36:58,0.0
2013-08-28 13:37:08,0.0
2013-08-28 13:37:18,0.0
2013-08-28 13:37:28,0.0
2013-08-28 13:37:38,0.0
2013-08-28 13:37:48,0.0
2013-08-28 13:37:58,0.0
2013-08-28 13:38:08,0.0
2013-08-28 13:38:18,0.0
2013-08-28 13:38:28,0.0
2013-08-28 13:38:38,0.0
2013-08-28 13:38:48,0.0
2013-08-28 13:38:58,0.0
2013-08-28 13:39:08,0.0
2013-08-28 13:39:18,0.0
2013-08-28 13:39:28,0.0
2013-08-28 13:39:38,0.0
2013-08-28 13:39:48,0.0
2013-08-28 13:39:58,0.0
2013-08-28 13:40:08,0.0
2013-08-28 13:40:18,0.0
2013-08-28 13:40:28,0.0
2013-08-28 13:40:38,0.0
2013-08-28 13:40:48,0.0
2013-08-28 13:40:58,0.0
2013-08-28 13:41:08,0.0
2013-08-28 13:41:18,0.0
2013-08-28 13:41:28,0.0
2013-08-28 13:41:38,0.0
2013-08-28 13:41:48,0.0
2013-08-28 13:41:58,0.0
2013-08-28 13:42:08,0.0
2013-08-28 13:42:28,0.0
2013-08-28 13:42:38,0.0
2013-08-28 13:42:48,0.0
2013-08-28 13:42:58,0.0
2013-08-28 13:43:18,0.0
2013-08-28 13:43:28,0.0
2013-08-28 13:43:38,0.0
2013-08-28 13:43:48,0.0
2013-08-28 13:43:58,0.0
2013-08-28 13:44:08,0.0
2013-08-28 13:44:28,0.0
2013-08-28 13:44:38,0.0
2013-08-28 13:44:48,0.0
2013-08-28 13:44:58,0.0
2013-08-28 13:45:08,0.0
2013-08-28 13:45:18,0.0
2013-08-28 13:45:28,0.0
2013-08-28 13:45:38,0.0
2013-08-28 13:45:48,0.0
2013-08-28 13:45:58,0.0
2013-08-28 13:46:08,0.0
2013-08-28 13:46:18,0.0
2013-08-28 13:46:28,0.0
2013-08-28 13:46:38,0.0
2013-08-28 13:46:48,0.0
2013-08-28 13:46:58,0.0
2013-08-28 13:47:18,0.0
2013-08-28 13:47:28,0.0
2013-08-28 13:47:38,0.0
2013-08-28 13:47:48,0.0
2013-08-28 13:47:58,0.0
2013-08-28 13:48:08,0.0
2013-08-28 13:48:18,0.0
2013-08-28 13:48:28,0.0
2013-08-28 13:48:38,0.0
2013-08-28 13:48:48,0.0
2013-08-28 13:48:58,0.0
2013-08-28 13:49:08,0.0
2013-08-28 13:49:18,0.0
2013-08-28 13:49:28,0.0
2013-08-28 13:49:38,0.0
2013-08-28 13:49:48,0.0
2013-08-28 13:49:58,0.0
2013-08-28 13:50:08,0.0
2013-08-28 13:50:18,0.0
2013-08-28 13:50:28,0.0
2013-08-28 13:50:38,0.0
2013-08-28 13:50:48,0.0
2013-08-28 13:50:58,0.0
2013-08-28 13:51:08,0.0
2013-08-28 13:51:18,0.0
2013-08-28 13:51:28,0.0
2013-08-28 13:51:38,0.0
2013-08-28 13:51:48,0.0
2013-08-28 13:52:08,0.0
2013-08-28 13:52:28,0.0
2013-08-28 13:52:58,0.0
2013-08-28 13:53:08,0.0
2013-08-28 13:53:18,0.0
2013-08-28 13:53:28,0.0
2013-08-28 13:53:38,0.0
2013-08-28 13:53:48,0.0
2013-08-28 13:53:58,0.0
2013-08-28 13:54:28,0.0
2013-08-28 13:54:38,0.0
2013-08-28 13:54:48,0.0
2013-08-28 13:54:58,0.0
2013-08-28 13:55:08,0.0
2013-08-28 13:55:18,0.0
2013-08-28 13:55:28,0.0
2013-08-28 13:55:38,0.0
2013-08-28 13:55:48,0.0
2013-08-28 13:55:58,0.0
2013-08-28 13:56:18,0.0
2013-08-28 13:56:28,0.0
2013-08-28 13:56:38,0.0
2013-08-28 13:56:48,0.0
2013-08-28 13:56:58,0.0
2013-08-28 13:57:08,0.0
2013-08-28 13:57:18,0.0
2013-08-28 13:57:28,0.0
2013-08-28 13:57:38,0.0
2013-08-28 13:57:48,0.0
2013-08-28 13:57:58,0.0
2013-08-28 13:58:28,0.0
2013-08-28 13:58:38,0.0
2013-08-28 13:58:48,0.0
2013-08-28 13:58:58,0.0
2013-08-28 13:59:08,0.0
2013-08-28 13:59:18,0.0
2013-08-28 13:59:28,0.0
2013-08-28 13:59:38,0.0
2013-08-28 13:59:48,0.0
2013-08-28 13:59:58,0.0
2013-08-28 14:00:08,0.0
2013-08-28 14:00:18,0.0
2013-08-28 14:00:28,0.0
2013-08-28 14:00:38,0.0
2013-08-28 14:00:48,0.0
2013-08-28 14:00:59,0.0
2013-08-28 14:01:08,0.0
2013-08-28 14:01:18,0.0
2013-08-28 14:01:28,0.0
2013-08-28 14:01:38,0.0
2013-08-28 14:01:48,0.0
2013-08-28 14:01:58,0.0
2013-08-28 14:02:08,0.0
2013-08-28 14:02:18,0.0
2013-08-28 14:02:28,0.0
2013-08-28 14:02:38,0.0
2013-08-28 14:02:48,0.0
2013-08-28 14:02:58,0.0
2013-08-28 14:03:08,0.0
2013-08-28 14:03:18,0.0
2013-08-28 14:03:28,0.0
2013-08-28 14:03:38,0.0
2013-08-28 14:03:48,0.0
2013-08-28 14:03:58,0.0
2013-08-28 14:04:08,0.0
2013-08-28 14:04:18,0.0
2013-08-28 14:04:28,0.0
2013-08-28 14:04:38,0.0
2013-08-28 14:04:48,0.0
2013-08-28 14:04:58,0.0
2013-08-28 14:05:08,0.0
2013-08-28 14:05:18,0.0
2013-08-28 14:05:28,0.0
2013-08-28 14:05:38,0.0
2013-08-28 14:05:48,0.0
2013-08-28 14:05:58,0.0
2013-08-28 14:06:08,0.0
2013-08-28 14:06:18,0.0
2013-08-28 14:06:38,0.0
2013-08-28 14:06:48,0.0
2013-08-28 14:06:58,0.0
2013-08-28 14:07:08,0.0
2013-08-28 14:07:18,0.0
2013-08-28 14:07:28,0.0
2013-08-28 14:07:38,0.0
2013-08-28 14:07:48,0.0
2013-08-28 14:07:58,0.0
2013-08-28 14:08:08,0.0
2013-08-28 14:08:18,0.0
2013-08-28 14:08:28,0.0
2013-08-28 14:08:38,0.0
2013-08-28 14:08:48,0.0
2013-08-28 14:08:58,0.0
2013-08-28 14:09:08,0.0
2013-08-28 14:09:18,0.0
2013-08-28 14:09:28,0.0
2013-08-28 14:09:38,0.0
2013-08-28 14:09:48,0.0
2013-08-28 14:09:58,0.0
2013-08-28 14:10:08,0.0
2013-08-28 14:10:18,0.0
2013-08-28 14:10:28,0.0
2013-08-28 14:10:38,0.0
2013-08-28 14:10:48,0.0
2013-08-28 14:10:58,0.0
2013-08-28 14:11:08,0.0
2013-08-28 14:11:18,0.0
2013-08-28 14:11:28,0.0
2013-08-28 14:11:38,0.0
2013-08-28 14:11:48,0.0
2013-08-28 14:11:58,0.0
2013-08-28 14:12:08,0.0
2013-08-28 14:12:18,0.0
2013-08-28 14:12:28,0.0
2013-08-28 14:12:38,0.0
2013-08-28 14:12:48,0.0
2013-08-28 14:12:58,0.0
2013-08-28 14:13:08,0.0
2013-08-28 14:13:18,0.0
2013-08-28 14:13:28,0.0
2013-08-28 14:13:38,0.0
2013-08-28 14:13:48,0.0
2013-08-28 14:13:58,0.0
2013-08-28 14:14:08,0.0
2013-08-28 14:14:18,0.0
2013-08-28 14:14:28,0.0
2013-08-28 14:14:38,0.0
2013-08-28 14:14:48,0.0
2013-08-28 14:14:58,0.0
2013-08-28 14:15:08,0.0
2013-08-28 14:15:18,0.0
2013-08-28 14:15:28,0.0
2013-08-28 14:15:38,0.0
2013-08-28 14:15:48,0.0
2013-08-28 14:15:58,0.0
2013-08-28 14:16:08,0.0
2013-08-28 14:16:18,0.0
2013-08-28 14:16:28,0.0
2013-08-28 14:16:38,0.0
2013-08-28 14:16:48,0.0
2013-08-28 14:16:58,0.0
2013-08-28 14:17:08,0.0
2013-08-28 14:17:18,0.0
2013-08-28 14:17:28,0.0
2013-08-28 14:17:38,0.0
2013-08-28 14:17:48,0.0
2013-08-28 14:17:58,0.0
2013-08-28 14:18:08,0.0
2013-08-28 14:18:18,0.0
2013-08-28 14:18:28,0.0
2013-08-28 14:18:38,0.0
2013-08-28 14:18:48,0.0
2013-08-28 14:18:58,0.0
2013-08-28 14:19:08,0.0
2013-08-28 14:19:18,0.0
2013-08-28 14:19:28,0.0
2013-08-28 14:19:38,0.0
2013-08-28 14:19:48,0.0
2013-08-28 14:19:58,0.0
2013-08-28 14:20:08,0.0
2013-08-28 14:20:18,0.0
2013-08-28 14:20:28,0.0
2013-08-28 14:20:38,0.0
2013-08-28 14:20:48,0.0
2013-08-28 14:20:58,0.0
2013-08-28 14:21:08,0.0
2013-08-28 14:21:18,0.0
2013-08-28 14:21:28,0.0
2013-08-28 14:21:38,0.0
2013-08-28 14:21:48,0.0
2013-08-28 14:21:58,0.0
2013-08-28 14:22:08,0.0
2013-08-28 14:22:18,0.0
2013-08-28 14:22:28,0.0
2013-08-28 14:22:38,0.0
2013-08-28 14:22:48,0.0
2013-08-28 14:22:58,0.0
2013-08-28 14:23:08,0.0
2013-08-28 14:23:18,0.0
2013-08-28 14:23:28,0.0
2013-08-28 14:23:38,0.0
2013-08-28 14:23:48,0.0
2013-08-28 14:23:58,0.0
2013-08-28 14:24:08,0.0
2013-08-28 14:24:18,0.0
2013-08-28 14:24:28,0.0
2013-08-28 14:24:38,0.0
2013-08-28 14:24:48,0.0
2013-08-28 14:24:58,0.0
2013-08-28 14:25:08,0.0
2013-08-28 14:25:18,0.0
2013-08-28 14:25:28,0.0
2013-08-28 14:25:38,0.0
2013-08-28 14:25:48,0.0
2013-08-28 14:25:58,0.0
2013-08-28 14:26:08,0.0
2013-08-28 14:26:18,0.0
2013-08-28 14:26:28,0.0
2013-08-28 14:26:38,0.0
2013-08-28 14:26:48,0.0
2013-08-28 14:26:58,0.0
2013-08-28 14:27:08,0.0
2013-08-28 14:27:18,0.0
2013-08-28 14:27:28,0.0
2013-08-28 14:27:38,0.0
2013-08-28 14:27:48,0.0
2013-08-28 14:27:58,0.0
2013-08-28 14:28:08,0.0
2013-08-28 14:28:18,0.0
2013-08-28 14:28:28,0.0
2013-08-28 14:28:38,0.0
2013-08-28 14:28:48,0.0
2013-08-28 14:28:58,0.0
2013-08-28 14:29:08,0.0
2013-08-28 14:29:18,0.0
2013-08-28 14:29:28,0.0
2013-08-28 14:29:38,0.0
2013-08-28 14:29:48,0.0
2013-08-28 14:29:57,0.0
2013-08-28 14:30:08,0.0
2013-08-28 14:30:18,0.0
2013-08-28 14:30:27,0.0
2013-08-28 14:30:38,0.0
2013-08-28 14:30:48,0.0
2013-08-28 14:30:58,0.0
2013-08-28 14:31:08,0.0
2013-08-28 14:31:18,0.0
2013-08-28 14:31:28,0.0
2013-08-28 14:31:38,0.0
2013-08-28 14:31:47,0.0
2013-08-28 14:31:57,0.0
2013-08-28 14:32:08,0.0
2013-08-28 14:32:18,0.0
2013-08-28 14:32:28,0.0
2013-08-28 14:32:38,0.0
2013-08-28 14:32:47,0.0
2013-08-28 14:32:58,0.0
2013-08-28 14:33:07,0.0
2013-08-28 14:33:27,0.0
2013-08-28 14:33:37,0.0
2013-08-28 14:33:48,0.0
2013-08-28 14:33:58,0.0
2013-08-28 14:34:07,0.0
2013-08-28 14:34:17,0.0
2013-08-28 14:34:27,0.0
2013-08-28 14:34:38,0.0
2013-08-28 14:34:48,0.0
2013-08-28 14:34:58,0.0
2013-08-28 14:35:07,0.0
2013-08-28 14:35:18,0.0
2013-08-28 14:35:28,0.0
2013-08-28 14:35:37,0.0
2013-08-28 14:35:48,0.0
2013-08-28 14:35:57,0.0
2013-08-28 14:36:07,0.0
2013-08-28 14:36:18,0.0
2013-08-28 14:36:27,0.0
2013-08-28 14:36:37,0.0
2013-08-28 14:36:47,0.0
2013-08-28 14:36:57,0.0
2013-08-28 14:37:08,0.0
2013-08-28 14:37:17,0.0
2013-08-28 14:37:28,0.0
2013-08-28 14:37:37,0.0
2013-08-28 14:37:48,0.0
2013-08-28 14:37:57,0.0
2013-08-28 14:38:07,0.0
2013-08-28 14:38:18,0.0
2013-08-28 14:38:27,0.0
2013-08-28 14:38:38,0.0
2013-08-28 14:38:47,0.0
2013-08-28 14:38:57,0.0
2013-08-28 14:39:07,0.0
2013-08-28 14:39:17,0.0
2013-08-28 14:39:27,0.0
2013-08-28 14:39:38,0.0
2013-08-28 14:39:47,0.0
2013-08-28 14:39:57,0.0
2013-08-28 14:40:07,0.0
2013-08-28 14:40:17,0.0
2013-08-28 14:40:27,0.0
2013-08-28 14:40:37,0.0
2013-08-28 14:40:47,0.0
2013-08-28 14:40:57,0.0
2013-08-28 14:41:07,0.0
2013-08-28 14:41:17,0.0
2013-08-28 14:41:27,0.0
2013-08-28 14:41:37,0.0
2013-08-28 14:41:47,0.0
2013-08-28 14:41:57,0.0
2013-08-28 14:42:07,0.0
2013-08-28 14:42:17,0.0
2013-08-28 14:42:27,0.0
2013-08-28 14:42:37,0.0
2013-08-28 14:42:47,0.0
2013-08-28 14:42:57,0.0
2013-08-28 14:43:07,0.0
2013-08-28 14:43:17,0.0
2013-08-28 14:43:27,0.0
2013-08-28 14:43:37,0.0
2013-08-28 14:43:47,0.0
2013-08-28 14:43:57,0.0
2013-08-28 14:44:07,0.0
2013-08-28 14:44:17,0.0
2013-08-28 14:44:28,0.0
2013-08-28 14:44:37,0.0
2013-08-28 14:44:47,0.0
2013-08-28 14:44:57,0.0
2013-08-28 14:45:07,0.0
2013-08-28 14:45:17,0.0
2013-08-28 14:45:27,0.0
2013-08-28 14:45:37,0.0
2013-08-28 14:45:47,0.0
2013-08-28 14:45:57,0.0
2013-08-28 14:46:07,0.0
2013-08-28 14:46:17,0.0
2013-08-28 14:46:27,0.0
2013-08-28 14:46:37,0.0
2013-08-28 14:46:47,0.0
2013-08-28 14:46:57,0.0
2013-08-28 14:47:07,0.0
2013-08-28 14:47:17,0.0
2013-08-28 14:47:27,0.0
2013-08-28 14:47:37,0.0
2013-08-28 14:47:47,0.0
2013-08-28 14:47:57,0.0
2013-08-28 14:48:07,0.0
2013-08-28 14:48:17,0.0
2013-08-28 14:48:27,0.0
2013-08-28 14:48:37,0.0
2013-08-28 14:48:47,0.0
2013-08-28 14:48:57,0.0
2013-08-28 14:49:07,0.0
2013-08-28 14:49:17,0.0
2013-08-28 14:49:27,0.0
2013-08-28 14:49:37,0.0
2013-08-28 14:49:47,0.0
2013-08-28 14:49:57,0.0
2013-08-28 14:50:07,0.0
2013-08-28 14:50:17,0.0
2013-08-28 14:50:27,0.0
2013-08-28 14:50:37,0.0
2013-08-28 14:50:47,0.0
2013-08-28 14:50:57,0.0
2013-08-28 14:51:08,0.0
2013-08-28 14:51:17,0.0
2013-08-28 14:51:27,0.0
2013-08-28 14:51:37,0.0
2013-08-28 14:51:47,0.0
2013-08-28 14:51:57,0.0
2013-08-28 14:52:07,0.0
2013-08-28 14:52:17,0.0
2013-08-28 14:52:27,0.0
2013-08-28 14:52:37,0.0
2013-08-28 14:52:48,0.0
2013-08-28 14:52:57,0.0
2013-08-28 14:53:07,0.0
2013-08-28 14:53:17,0.0
2013-08-28 14:53:27,0.0
2013-08-28 14:53:37,0.0
2013-08-28 14:53:47,0.0
2013-08-28 14:53:57,0.0
2013-08-28 14:54:07,0.0
2013-08-28 14:54:17,0.0
2013-08-28 14:54:28,0.0
2013-08-28 14:54:37,0.0
2013-08-28 14:54:47,0.0
2013-08-28 14:54:57,0.0
2013-08-28 14:55:07,0.0
2013-08-28 14:55:17,0.0
2013-08-28 14:55:27,0.0
2013-08-28 14:55:37,0.0
2013-08-28 14:55:47,0.0
2013-08-28 14:55:57,0.0
2013-08-28 14:56:07,0.0
2013-08-28 14:56:17,0.0
2013-08-28 14:56:27,0.0
2013-08-28 14:56:37,0.0
2013-08-28 14:56:47,0.0
2013-08-28 14:56:57,0.0
2013-08-28 14:57:07,0.0
2013-08-28 14:57:17,0.0
2013-08-28 14:57:27,0.0
2013-08-28 14:57:37,0.0
2013-08-28 14:57:47,0.0
2013-08-28 14:57:57,0.0
2013-08-28 14:58:07,0.0
2013-08-28 14:58:17,0.0
2013-08-28 14:58:27,0.0
2013-08-28 14:58:37,0.0
2013-08-28 14:58:47,0.0
2013-08-28 14:58:57,0.0
2013-08-28 14:59:07,0.0
2013-08-28 14:59:17,0.0
2013-08-28 14:59:27,0.0
2013-08-28 14:59:37,0.0
2013-08-28 14:59:47,0.0
2013-08-28 14:59:57,0.0
2013-08-28 15:00:07,0.0
2013-08-28 15:00:17,0.0
2013-08-28 15:00:27,0.0
2013-08-28 15:00:37,0.0
2013-08-28 15:00:47,0.0
2013-08-28 15:00:57,0.0
2013-08-28 15:01:07,0.0
2013-08-28 15:01:17,0.0
2013-08-28 15:01:27,0.0
2013-08-28 15:01:37,0.0
2013-08-28 15:01:47,0.0
2013-08-28 15:01:57,0.0
2013-08-28 15:02:07,0.0
2013-08-28 15:02:17,0.0
2013-08-28 15:02:27,0.0
2013-08-28 15:02:37,0.0
2013-08-28 15:02:47,0.0
2013-08-28 15:02:57,0.0
2013-08-28 15:03:07,0.0
2013-08-28 15:03:17,0.0
2013-08-28 15:03:27,0.0
2013-08-28 15:03:37,0.0
2013-08-28 15:03:47,0.0
2013-08-28 15:03:57,0.0
2013-08-28 15:04:07,0.0
2013-08-28 15:04:17,0.0
2013-08-28 15:04:27,0.0
2013-08-28 15:04:37,0.0
2013-08-28 15:04:47,0.0
2013-08-28 15:04:57,0.0
2013-08-28 15:05:07,0.0
2013-08-28 15:05:17,0.0
2013-08-28 15:05:27,0.0
2013-08-28 15:05:37,0.0
2013-08-28 15:05:47,0.0
2013-08-28 15:05:57,0.0
2013-08-28 15:06:07,0.0
2013-08-28 15:06:17,0.0
2013-08-28 15:06:27,0.0
2013-08-28 15:06:37,0.0
2013-08-28 15:06:47,0.0
2013-08-28 15:06:57,0.0
2013-08-28 15:07:07,0.0
2013-08-28 15:07:17,0.0
2013-08-28 15:07:27,0.0
2013-08-28 15:07:37,0.0
2013-08-28 15:07:47,0.0
2013-08-28 15:07:57,0.0
2013-08-28 15:08:07,0.0
2013-08-28 15:08:17,0.0
2013-08-28 15:08:27,0.0
2013-08-28 15:08:37,0.0
2013-08-28 15:08:47,0.0
2013-08-28 15:08:57,0.0
2013-08-28 15:09:07,0.0
2013-08-28 15:09:17,0.0
2013-08-28 15:09:27,0.0
2013-08-28 15:09:37,0.0
2013-08-28 15:09:47,0.0
2013-08-28 15:09:57,0.0
2013-08-28 15:10:07,0.0
2013-08-28 15:10:17,0.0
2013-08-28 15:10:27,0.0
2013-08-28 15:10:37,0.0
2013-08-28 15:10:47,0.0
2013-08-28 15:10:57,0.0
2013-08-28 15:11:07,0.0
2013-08-28 15:11:17,0.0
2013-08-28 15:11:27,0.0
2013-08-28 15:11:37,0.0
2013-08-28 15:11:47,0.0
2013-08-28 15:11:57,0.0
2013-08-28 15:12:07,0.0
2013-08-28 15:12:17,0.0
2013-08-28 15:12:27,0.0
2013-08-28 15:12:37,0.0
2013-08-28 15:12:47,0.0
2013-08-28 15:12:57,0.0
2013-08-28 15:13:07,0.0
2013-08-28 15:13:17,0.0
2013-08-28 15:13:27,0.0
2013-08-28 15:13:37,0.0
2013-08-28 15:13:47,0.0
2013-08-28 15:13:57,0.0
2013-08-28 15:14:07,0.0
2013-08-28 15:14:17,0.0
2013-08-28 15:14:27,0.0
2013-08-28 15:14:37,0.0
2013-08-28 15:14:47,0.0
2013-08-28 15:14:57,0.0
2013-08-28 15:15:07,0.0
2013-08-28 15:15:17,0.0
2013-08-28 15:15:27,0.0
2013-08-28 15:15:37,0.0
2013-08-28 15:15:47,0.0
2013-08-28 15:15:57,0.0
2013-08-28 15:16:07,0.0
2013-08-28 15:16:17,0.0
2013-08-28 15:16:27,0.0
2013-08-28 15:16:37,0.0
2013-08-28 15:16:47,0.0
2013-08-28 15:16:57,0.0
2013-08-28 15:17:07,0.0
2013-08-28 15:17:17,0.0
2013-08-28 15:17:27,0.0
2013-08-28 15:17:37,0.0
2013-08-28 15:17:47,0.0
2013-08-28 15:17:57,0.0
2013-08-28 15:18:07,0.0
2013-08-28 15:18:17,0.0
2013-08-28 15:18:27,0.0
2013-08-28 15:18:37,0.0
2013-08-28 15:18:47,0.0
2013-08-28 15:18:57,0.0
2013-08-28 15:19:07,0.0
2013-08-28 15:19:17,0.0
2013-08-28 15:19:27,0.0
2013-08-28 15:19:38,0.0
2013-08-28 15:19:47,0.0
2013-08-28 15:19:57,0.0
2013-08-28 15:20:07,0.0
2013-08-28 15:20:17,0.0
2013-08-28 15:20:27,0.0
2013-08-28 15:20:37,0.0
2013-08-28 15:20:47,0.0
2013-08-28 15:20:57,0.0
2013-08-28 15:21:07,0.0
2013-08-28 15:21:17,0.0
2013-08-28 15:21:27,0.0
2013-08-28 15:21:37,0.0
2013-08-28 15:21:47,0.0
2013-08-28 15:21:57,0.0
2013-08-28 15:22:07,0.0
2013-08-28 15:22:17,0.0
2013-08-28 15:22:27,0.0
2013-08-28 15:22:37,0.0
2013-08-28 15:22:47,0.0
2013-08-28 15:22:57,0.0
2013-08-28 15:23:07,0.0
2013-08-28 15:23:17,0.0
2013-08-28 15:23:27,0.0
2013-08-28 15:23:37,0.0
2013-08-28 15:23:47,0.0
2013-08-28 15:23:57,0.0
2013-08-28 15:24:07,0.0
2013-08-28 15:24:17,0.0
2013-08-28 15:24:27,0.0
2013-08-28 15:24:37,0.0
2013-08-28 15:24:47,0.0
2013-08-28 15:24:57,0.0
2013-08-28 15:25:07,0.0
2013-08-28 15:25:17,0.0
2013-08-28 15:25:27,0.0
2013-08-28 15:25:37,0.0
2013-08-28 15:25:47,0.0
2013-08-28 15:25:57,0.0
2013-08-28 15:26:07,0.0
2013-08-28 15:26:17,0.0
2013-08-28 15:26:27,0.0
2013-08-28 15:26:37,0.0
2013-08-28 15:26:47,0.0
2013-08-28 15:26:57,0.0
2013-08-28 15:27:07,0.0
2013-08-28 15:27:17,0.0
2013-08-28 15:27:27,0.0
2013-08-28 15:27:37,0.0
2013-08-28 15:27:47,0.0
2013-08-28 15:27:57,0.0
2013-08-28 15:28:07,0.0
2013-08-28 15:28:17,0.0
2013-08-28 15:28:27,0.0
2013-08-28 15:28:37,0.0
2013-08-28 15:28:47,0.0
2013-08-28 15:28:57,0.0
2013-08-28 15:29:07,0.0
2013-08-28 15:29:17,0.0
2013-08-28 15:29:27,0.0
2013-08-28 15:29:37,0.0
2013-08-28 15:29:47,0.0
2013-08-28 15:29:57,0.0
2013-08-28 15:30:07,0.0
2013-08-28 15:30:17,0.0
2013-08-28 15:30:27,0.0
2013-08-28 15:30:37,0.0
2013-08-28 15:30:47,0.0
2013-08-28 15:30:57,0.0
2013-08-28 15:31:07,0.0
2013-08-28 15:31:17,0.0
2013-08-28 15:31:27,0.0
2013-08-28 15:31:37,0.0
2013-08-28 15:31:47,0.0
2013-08-28 15:31:57,0.0
2013-08-28 15:32:07,0.0
2013-08-28 15:32:17,0.0
2013-08-28 15:32:27,0.0
2013-08-28 15:32:37,0.0
2013-08-28 15:32:47,0.0
2013-08-28 15:32:57,0.0
2013-08-28 15:33:07,0.0
2013-08-28 15:33:17,0.0
2013-08-28 15:33:27,0.0
2013-08-28 15:33:37,0.0
2013-08-28 15:33:47,0.0
2013-08-28 15:33:57,0.0
2013-08-28 15:34:07,0.0
2013-08-28 15:34:17,0.0
2013-08-28 15:34:27,0.0
2013-08-28 15:34:37,0.0
2013-08-28 15:34:47,0.0
2013-08-28 15:34:57,0.0
2013-08-28 15:35:07,0.0
2013-08-28 15:35:17,0.0
2013-08-28 15:35:27,0.0
2013-08-28 15:35:37,0.0
2013-08-28 15:35:47,0.0
2013-08-28 15:35:57,0.0
2013-08-28 15:36:07,0.0
2013-08-28 15:36:17,0.0
2013-08-28 15:36:27,0.0
2013-08-28 15:36:37,0.0
2013-08-28 15:36:47,0.0
2013-08-28 15:36:57,0.0
2013-08-28 15:37:07,0.0
2013-08-28 15:37:17,0.0
2013-08-28 15:37:27,0.0
2013-08-28 15:37:37,0.0
2013-08-28 15:37:47,0.0
2013-08-28 15:37:57,0.0
2013-08-28 15:38:07,0.0
2013-08-28 15:38:17,0.0
2013-08-28 15:38:27,0.0
2013-08-28 15:38:37,0.0
2013-08-28 15:38:47,0.0
2013-08-28 15:38:57,0.0
2013-08-28 15:39:07,0.0
2013-08-28 15:39:17,0.0
2013-08-28 15:39:27,0.0
2013-08-28 15:39:37,0.0
2013-08-28 15:39:47,0.0
2013-08-28 15:39:57,0.0
2013-08-28 15:40:07,0.0
2013-08-28 15:40:17,0.0
2013-08-28 15:40:27,0.0
2013-08-28 15:40:37,0.0
2013-08-28 15:40:47,0.0
2013-08-28 15:40:57,0.0
2013-08-28 15:41:07,0.0
2013-08-28 15:41:17,0.0
2013-08-28 15:41:27,0.0
2013-08-28 15:41:37,0.0
2013-08-28 15:41:47,0.0
2013-08-28 15:41:57,0.0
2013-08-28 15:42:07,0.0
2013-08-28 15:42:17,0.0
2013-08-28 15:42:27,0.0
2013-08-28 15:42:37,0.0
2013-08-28 15:42:47,0.0
2013-08-28 15:42:57,0.0
2013-08-28 15:43:07,0.0
2013-08-28 15:43:17,0.0
2013-08-28 15:43:27,0.0
2013-08-28 15:43:37,0.0
2013-08-28 15:43:47,0.0
2013-08-28 15:43:57,0.0
2013-08-28 15:44:07,0.0
2013-08-28 15:44:17,0.0
2013-08-28 15:44:27,0.0
2013-08-28 15:44:37,0.0
2013-08-28 15:44:47,0.0
2013-08-28 15:44:57,0.0
2013-08-28 15:45:07,0.0
2013-08-28 15:45:17,0.0
2013-08-28 15:45:27,0.0
2013-08-28 15:45:37,0.0
2013-08-28 15:45:47,0.0
2013-08-28 15:45:57,0.0
2013-08-28 15:46:07,0.0
2013-08-28 15:46:17,0.0
2013-08-28 15:46:27,0.0
2013-08-28 15:46:37,0.0
2013-08-28 15:46:47,0.0
2013-08-28 15:46:57,0.0
2013-08-28 15:47:07,0.0
2013-08-28 15:47:17,0.0
2013-08-28 15:47:27,0.0
2013-08-28 15:47:37,0.0
2013-08-28 15:47:47,0.0
2013-08-28 15:47:57,0.0
2013-08-28 15:48:07,0.0
2013-08-28 15:48:17,0.0
2013-08-28 15:48:27,0.0
2013-08-28 15:48:37,0.0
2013-08-28 15:48:47,0.0
2013-08-28 15:48:57,0.0
2013-08-28 15:49:07,0.0
2013-08-28 15:49:17,0.0
2013-08-28 15:49:27,0.0
2013-08-28 15:49:37,0.0
2013-08-28 15:49:47,0.0
2013-08-28 15:49:57,0.0
2013-08-28 15:50:07,0.0
2013-08-28 15:50:17,0.0
2013-08-28 15:50:27,0.0
2013-08-28 15:50:37,0.0
2013-08-28 15:50:47,0.0
2013-08-28 15:50:57,0.0
2013-08-28 15:51:07,0.0
2013-08-28 15:51:17,0.0
2013-08-28 15:51:27,0.0
2013-08-28 15:51:37,0.0
2013-08-28 15:51:47,0.0
2013-08-28 15:51:57,0.0
2013-08-28 15:52:07,0.0
2013-08-28 15:52:17,0.0
2013-08-28 15:52:27,0.0
2013-08-28 15:52:37,0.0
2013-08-28 15:52:47,0.0
2013-08-28 15:52:57,0.0
2013-08-28 15:53:07,0.0
2013-08-28 15:53:17,0.0
2013-08-28 15:53:27,0.0
2013-08-28 15:53:37,0.0
2013-08-28 15:53:47,0.0
2013-08-28 15:53:57,0.0
2013-08-28 15:54:07,0.0
2013-08-28 15:54:17,0.0
2013-08-28 15:54:27,0.0
2013-08-28 15:54:37,0.0
2013-08-28 15:54:47,0.0
2013-08-28 15:54:57,0.0
2013-08-28 15:55:07,0.0
2013-08-28 15:55:17,0.0
2013-08-28 15:55:27,0.0
2013-08-28 15:55:37,0.0
2013-08-28 15:55:47,0.0
2013-08-28 15:55:57,0.0
2013-08-28 15:56:07,0.0
2013-08-28 15:56:17,0.0
2013-08-28 15:56:27,0.0
2013-08-28 15:56:37,0.0
2013-08-28 15:56:47,0.0
2013-08-28 15:56:57,0.0
2013-08-28 15:57:07,0.0
2013-08-28 15:57:17,0.0
2013-08-28 15:57:27,0.0
2013-08-28 15:57:37,0.0
2013-08-28 15:57:47,0.0
2013-08-28 15:57:57,0.0
2013-08-28 15:58:07,0.0
2013-08-28 15:58:17,0.0
2013-08-28 15:58:27,0.0
2013-08-28 15:58:37,0.0
2013-08-28 15:58:47,0.0
2013-08-28 15:58:57,0.0
2013-08-28 15:59:07,0.0
2013-08-28 15:59:17,0.0
2013-08-28 15:59:27,0.0
2013-08-28 15:59:37,0.0
2013-08-28 15:59:47,0.0
2013-08-28 15:59:57,0.0
2013-08-28 16:00:07,0.0
2013-08-28 16:00:17,0.0
2013-08-28 16:00:27,0.0
2013-08-28 16:00:37,0.0
2013-08-28 16:00:47,0.0
2013-08-28 16:00:57,0.0
2013-08-28 16:01:07,0.0
2013-08-28 16:01:17,0.0
2013-08-28 16:01:27,0.0
2013-08-28 16:01:37,0.0
2013-08-28 16:01:47,0.0
2013-08-28 16:01:57,0.0
2013-08-28 16:02:07,0.0
2013-08-28 16:02:17,0.0
2013-08-28 16:02:27,0.0
2013-08-28 16:02:37,0.0
2013-08-28 16:02:47,0.0
2013-08-28 16:02:57,0.0
2013-08-28 16:03:07,0.0
2013-08-28 16:03:17,0.0
2013-08-28 16:03:27,0.0
2013-08-28 16:03:37,0.0
2013-08-28 16:03:47,0.0
2013-08-28 16:03:57,0.0
2013-08-28 16:04:07,0.0
2013-08-28 16:04:17,0.0
2013-08-28 16:04:27,0.0
2013-08-28 16:04:37,0.0
2013-08-28 16:04:47,0.0
2013-08-28 16:04:57,0.0
2013-08-28 16:05:07,0.0
2013-08-28 16:05:17,0.0
2013-08-28 16:05:27,0.0
2013-08-28 16:05:37,0.0
2013-08-28 16:05:47,0.0
2013-08-28 16:05:57,0.0
2013-08-28 16:06:07,0.0
2013-08-28 16:06:17,0.0
2013-08-28 16:06:27,0.0
2013-08-28 16:06:37,0.0
2013-08-28 16:06:47,0.0
2013-08-28 16:06:57,0.0
2013-08-28 16:07:07,0.0
2013-08-28 16:07:17,0.0
2013-08-28 16:07:27,0.0
2013-08-28 16:07:37,0.0
2013-08-28 16:07:47,0.0
2013-08-28 16:07:57,0.0
2013-08-28 16:08:07,0.0
2013-08-28 16:08:17,0.0
2013-08-28 16:08:27,0.0
2013-08-28 16:08:37,0.0
2013-08-28 16:08:47,0.0
2013-08-28 16:08:57,0.0
2013-08-28 16:09:07,0.0
2013-08-28 16:09:17,0.0
2013-08-28 16:09:27,0.0
2013-08-28 16:09:37,0.0
2013-08-28 16:09:47,0.0
2013-08-28 16:09:57,0.0
2013-08-28 16:10:07,0.0
2013-08-28 16:10:17,0.0
2013-08-28 16:10:27,0.0
2013-08-28 16:10:37,0.0
2013-08-28 16:10:47,0.0
2013-08-28 16:10:57,0.0
2013-08-28 16:11:07,0.0
2013-08-28 16:11:17,0.0
2013-08-28 16:11:27,0.0
2013-08-28 16:11:37,0.0
2013-08-28 16:11:47,0.0
2013-08-28 16:11:57,0.0
2013-08-28 16:12:07,0.0
2013-08-28 16:12:17,0.0
2013-08-28 16:12:27,0.0
2013-08-28 16:12:37,0.0
2013-08-28 16:12:47,0.0
2013-08-28 16:12:57,0.0
2013-08-28 16:13:07,0.0
2013-08-28 16:13:17,0.0
2013-08-28 16:13:27,0.0
2013-08-28 16:13:37,0.0
2013-08-28 16:13:47,0.0
2013-08-28 16:13:57,0.0
2013-08-28 16:14:07,0.0
2013-08-28 16:14:17,0.0
2013-08-28 16:14:27,0.0
2013-08-28 16:14:37,0.0
2013-08-28 16:14:47,0.0
2013-08-28 16:14:57,0.0
2013-08-28 16:15:07,0.0
2013-08-28 16:15:17,0.0
2013-08-28 16:15:27,0.0
2013-08-28 16:15:37,0.0
2013-08-28 16:15:47,0.0
2013-08-28 16:15:57,0.0
2013-08-28 16:16:07,0.0
2013-08-28 16:16:17,0.0
2013-08-28 16:16:27,0.0
2013-08-28 16:16:37,0.0
2013-08-28 16:16:47,0.0
2013-08-28 16:16:57,0.0
2013-08-28 16:17:07,0.0
2013-08-28 16:17:17,0.0
2013-08-28 16:17:27,0.0
2013-08-28 16:17:37,0.0
2013-08-28 16:17:47,0.0
2013-08-28 16:17:57,0.0
2013-08-28 16:18:07,0.0
2013-08-28 16:18:17,0.0
2013-08-28 16:18:27,0.0
2013-08-28 16:18:37,0.0
2013-08-28 16:18:47,0.0
2013-08-28 16:18:57,0.0
2013-08-28 16:19:07,0.0
2013-08-28 16:19:17,0.0
2013-08-28 16:19:27,0.0
2013-08-28 16:19:37,0.0
2013-08-28 16:19:47,0.0
2013-08-28 16:19:57,0.0
2013-08-28 16:20:07,0.0
2013-08-28 16:20:17,0.0
2013-08-28 16:20:27,0.0
2013-08-28 16:20:37,0.0
2013-08-28 16:20:47,0.0
2013-08-28 16:20:57,0.0
2013-08-28 16:21:07,0.0
2013-08-28 16:21:17,0.0
2013-08-28 16:21:27,0.0
2013-08-28 16:21:37,0.0
2013-08-28 16:21:47,0.0
2013-08-28 16:21:57,0.0
2013-08-28 16:22:07,0.0
2013-08-28 16:22:17,0.0
2013-08-28 16:22:27,0.0
2013-08-28 16:22:37,0.0
2013-08-28 16:22:47,0.0
2013-08-28 16:22:57,0.0
2013-08-28 16:23:07,0.0
2013-08-28 16:23:17,0.0
2013-08-28 16:23:27,0.0
2013-08-28 16:23:37,0.0
2013-08-28 16:23:47,0.0
2013-08-28 16:23:57,0.0
2013-08-28 16:24:07,0.0
2013-08-28 16:24:17,0.0
2013-08-28 16:24:27,0.0
2013-08-28 16:24:37,0.0
2013-08-28 16:24:47,0.0
2013-08-28 16:24:57,0.0
2013-08-28 16:25:07,0.0
2013-08-28 16:25:17,0.0
2013-08-28 16:25:27,0.0
2013-08-28 16:25:37,0.0
2013-08-28 16:25:47,0.0
2013-08-28 16:25:57,0.0
2013-08-28 16:26:07,0.0
2013-08-28 16:26:17,0.0
2013-08-28 16:26:27,0.0
2013-08-28 16:26:37,0.0
2013-08-28 16:26:47,0.0
2013-08-28 16:26:57,0.0
2013-08-28 16:27:07,0.0
2013-08-28 16:27:17,0.0
2013-08-28 16:27:27,0.0
2013-08-28 16:27:37,0.0
2013-08-28 16:27:47,0.0
2013-08-28 16:27:57,0.0
2013-08-28 16:28:07,0.0
2013-08-28 16:28:17,0.0
2013-08-28 16:28:27,0.0
2013-08-28 16:28:37,0.0
2013-08-28 16:28:47,0.0
2013-08-28 16:28:57,0.0
2013-08-28 16:29:07,0.0
2013-08-28 16:29:17,0.0
2013-08-28 16:29:27,0.0
2013-08-28 16:29:37,0.0
2013-08-28 16:29:47,0.0
2013-08-28 16:29:57,0.0
2013-08-28 16:30:07,0.0
2013-08-28 16:30:17,0.0
2013-08-28 16:30:27,0.0
2013-08-28 16:30:37,0.0
2013-08-28 16:30:47,0.0
2013-08-28 16:30:57,0.0
2013-08-28 16:31:07,0.0
2013-08-28 16:31:17,0.0
2013-08-28 16:31:27,0.0
2013-08-28 16:31:37,0.0
2013-08-28 16:31:47,0.0
2013-08-28 16:31:57,0.0
2013-08-28 16:32:07,0.0
2013-08-28 16:32:17,0.0
2013-08-28 16:32:27,0.0
2013-08-28 16:32:37,0.0
2013-08-28 16:32:47,0.0
2013-08-28 16:32:57,0.0
2013-08-28 16:33:07,0.0
2013-08-28 16:33:17,0.0
2013-08-28 16:33:27,0.0
2013-08-28 16:33:37,0.0
2013-08-28 16:33:47,0.0
2013-08-28 16:33:57,0.0
2013-08-28 16:34:07,0.0
2013-08-28 16:34:17,0.0
2013-08-28 16:34:27,0.0
2013-08-28 16:34:37,0.0
2013-08-28 16:34:47,0.0
2013-08-28 16:34:57,0.0
2013-08-28 16:35:07,0.0
2013-08-28 16:35:17,0.0
2013-08-28 16:35:27,0.0
2013-08-28 16:35:37,0.0
2013-08-28 16:35:47,0.0
2013-08-28 16:35:57,0.0
2013-08-28 16:36:07,0.0
2013-08-28 16:36:17,0.0
2013-08-28 16:36:27,0.0
2013-08-28 16:36:37,0.0
2013-08-28 16:36:47,0.0
2013-08-28 16:36:57,0.0
2013-08-28 16:37:07,0.0
2013-08-28 16:37:17,0.0
2013-08-28 16:37:27,0.0
2013-08-28 16:37:37,0.0
2013-08-28 16:37:47,0.0
2013-08-28 16:37:57,0.0
2013-08-28 16:38:07,0.0
2013-08-28 16:38:17,0.0
2013-08-28 16:38:27,0.0
2013-08-28 16:38:37,0.0
2013-08-28 16:38:47,0.0
2013-08-28 16:38:57,0.0
2013-08-28 16:39:07,0.0
2013-08-28 16:39:17,0.0
2013-08-28 16:39:27,0.0
2013-08-28 16:39:37,0.0
2013-08-28 16:39:47,0.0
2013-08-28 16:39:57,0.0
2013-08-28 16:40:07,0.0
2013-08-28 16:40:17,0.0
2013-08-28 16:40:27,0.0
2013-08-28 16:40:37,0.0
2013-08-28 16:40:47,0.0
2013-08-28 16:40:57,0.0
2013-08-28 16:41:07,0.0
2013-08-28 16:41:17,0.0
2013-08-28 16:41:27,0.0
2013-08-28 16:41:37,0.0
2013-08-28 16:41:47,0.0
2013-08-28 16:41:57,0.0
2013-08-28 16:42:07,0.0
2013-08-28 16:42:17,0.0
2013-08-28 16:42:27,0.0
2013-08-28 16:42:37,0.0
2013-08-28 16:42:47,0.0
2013-08-28 16:42:57,0.0
2013-08-28 16:43:07,0.0
2013-08-28 16:43:17,0.0
2013-08-28 16:43:27,0.0
2013-08-28 16:43:37,0.0
2013-08-28 16:43:47,0.0
2013-08-28 16:43:57,0.0
2013-08-28 16:44:07,0.0
2013-08-28 16:44:17,0.0
2013-08-28 16:44:27,0.0
2013-08-28 16:44:37,0.0
2013-08-28 16:44:48,0.0
2013-08-28 16:44:57,0.0
2013-08-28 16:45:07,0.0
2013-08-28 16:45:17,0.0
2013-08-28 16:45:27,0.0
2013-08-28 16:45:37,0.0
2013-08-28 16:45:47,0.0
2013-08-28 16:45:57,0.0
2013-08-28 16:46:07,0.0
2013-08-28 16:46:17,0.0
2013-08-28 16:46:27,0.0
2013-08-28 16:46:37,0.0
2013-08-28 16:46:47,0.0
2013-08-28 16:46:57,0.0
2013-08-28 16:47:07,0.0
2013-08-28 16:47:17,0.0
2013-08-28 16:47:27,0.0
2013-08-28 16:47:37,0.0
2013-08-28 16:47:47,0.0
2013-08-28 16:47:57,0.0
2013-08-28 16:48:07,0.0
2013-08-28 16:48:17,0.0
2013-08-28 16:48:27,0.0
2013-08-28 16:48:37,0.0
2013-08-28 16:48:47,0.0
2013-08-28 16:48:57,0.0
2013-08-28 16:49:07,0.0
2013-08-28 16:49:17,0.0
2013-08-28 16:49:27,0.0
2013-08-28 16:49:37,0.0
2013-08-28 16:49:47,0.0
2013-08-28 16:49:57,0.0
2013-08-28 16:50:07,0.0
2013-08-28 16:50:17,0.0
2013-08-28 16:50:27,0.0
2013-08-28 16:50:37,0.0
2013-08-28 16:50:47,0.0
2013-08-28 16:50:57,0.0
2013-08-28 16:51:07,0.0
2013-08-28 16:51:17,0.0
2013-08-28 16:51:27,0.0
2013-08-28 16:51:37,0.0
2013-08-28 16:51:47,0.0
2013-08-28 16:51:57,0.0
2013-08-28 16:52:07,0.0
2013-08-28 16:52:17,0.0
2013-08-28 16:52:27,0.0
2013-08-28 16:52:37,0.0
2013-08-28 16:52:47,0.0
2013-08-28 16:52:57,0.0
2013-08-28 16:53:07,0.0
2013-08-28 16:53:17,0.0
2013-08-28 16:53:27,0.0
2013-08-28 16:53:37,0.0
2013-08-28 16:53:47,0.0
2013-08-28 16:53:57,0.0
2013-08-28 16:54:07,0.0
2013-08-28 16:54:17,0.0
2013-08-28 16:54:27,0.0
2013-08-28 16:54:37,0.0
2013-08-28 16:54:47,0.0
2013-08-28 16:54:57,0.0
2013-08-28 16:55:07,0.0
2013-08-28 16:55:17,0.0
2013-08-28 16:55:27,0.0
2013-08-28 16:55:37,0.0
2013-08-28 16:55:47,0.0
2013-08-28 16:55:57,0.0
2013-08-28 16:56:07,0.0
2013-08-28 16:56:17,0.0
2013-08-28 16:56:27,0.0
2013-08-28 16:56:37,0.0
2013-08-28 16:56:47,0.0
2013-08-28 16:56:57,0.0
2013-08-28 16:57:07,0.0
2013-08-28 16:57:17,0.0
2013-08-28 16:57:27,0.0
2013-08-28 16:57:37,0.0
2013-08-28 16:57:47,0.0
2013-08-28 16:57:57,0.0
2013-08-28 16:58:07,0.0
2013-08-28 16:58:17,0.0
2013-08-28 16:58:27,0.0
2013-08-28 16:58:37,0.0
2013-08-28 16:58:47,0.0
2013-08-28 16:58:57,0.0
2013-08-28 16:59:07,0.0
2013-08-28 16:59:17,0.0
2013-08-28 16:59:27,0.0
2013-08-28 16:59:37,0.0
2013-08-28 16:59:47,0.0
2013-08-28 16:59:57,0.0
2013-08-28 17:00:07,0.0
2013-08-28 17:00:17,0.0
2013-08-28 17:00:27,0.0
2013-08-28 17:00:37,0.0
2013-08-28 17:00:47,0.0
2013-08-28 17:00:57,0.0
2013-08-28 17:01:07,0.0
2013-08-28 17:01:17,0.0
2013-08-28 17:01:27,0.0
2013-08-28 17:01:37,0.0
2013-08-28 17:01:47,0.0
2013-08-28 17:01:57,0.0
2013-08-28 17:02:07,0.0
2013-08-28 17:02:17,0.0
2013-08-28 17:02:27,0.0
2013-08-28 17:02:37,0.0
2013-08-28 17:02:47,0.0
2013-08-28 17:02:57,0.0
2013-08-28 17:03:07,0.0
2013-08-28 17:03:17,0.0
2013-08-28 17:03:27,0.0
2013-08-28 17:03:37,0.0
2013-08-28 17:03:47,0.0
2013-08-28 17:03:57,0.0
2013-08-28 17:04:07,0.0
2013-08-28 17:04:17,0.0
2013-08-28 17:04:27,0.0
2013-08-28 17:04:37,0.0
2013-08-28 17:04:47,0.0
2013-08-28 17:04:57,0.0
2013-08-28 17:05:07,0.0
2013-08-28 17:05:17,0.0
2013-08-28 17:05:27,0.0
2013-08-28 17:05:37,0.0
2013-08-28 17:05:47,0.0
2013-08-28 17:05:57,0.0
2013-08-28 17:06:07,0.0
2013-08-28 17:06:17,0.0
2013-08-28 17:06:27,0.0
2013-08-28 17:06:37,0.0
2013-08-28 17:06:47,0.0
2013-08-28 17:06:57,0.0
2013-08-28 17:07:07,0.0
2013-08-28 17:07:17,0.0
2013-08-28 17:07:27,0.0
2013-08-28 17:07:37,0.0
2013-08-28 17:07:47,0.0
2013-08-28 17:07:57,0.0
2013-08-28 17:08:07,0.0
2013-08-28 17:08:17,0.0
2013-08-28 17:08:27,0.0
2013-08-28 17:08:37,0.0
2013-08-28 17:08:47,0.0
2013-08-28 17:08:57,0.0
2013-08-28 17:09:07,0.0
2013-08-28 17:09:17,0.0
2013-08-28 17:09:27,0.0
2013-08-28 17:09:37,0.0
2013-08-28 17:09:47,0.0
2013-08-28 17:09:57,0.0
2013-08-28 17:10:07,0.0
2013-08-28 17:10:17,0.0
2013-08-28 17:10:27,0.0
2013-08-28 17:10:37,0.0
2013-08-28 17:10:47,0.0
2013-08-28 17:10:57,0.0
2013-08-28 17:11:07,0.0
2013-08-28 17:11:17,0.0
2013-08-28 17:11:27,0.0
2013-08-28 17:11:37,0.0
2013-08-28 17:11:47,0.0
2013-08-28 17:11:57,0.0
2013-08-28 17:12:07,0.0
2013-08-28 17:12:17,0.0
2013-08-28 17:12:27,0.0
2013-08-28 17:12:37,0.0
2013-08-28 17:12:47,0.0
2013-08-28 17:12:57,0.0
2013-08-28 17:13:07,0.0
2013-08-28 17:13:17,0.0
2013-08-28 17:13:27,0.0
2013-08-28 17:13:37,0.0
2013-08-28 17:13:47,0.0
2013-08-28 17:13:57,0.0
2013-08-28 17:14:07,0.0
2013-08-28 17:14:17,0.0
2013-08-28 17:14:27,0.0
2013-08-28 17:14:37,0.0
2013-08-28 17:14:47,0.0
2013-08-28 17:14:57,0.0
2013-08-28 17:15:07,0.0
2013-08-28 17:15:17,0.0
2013-08-28 17:15:27,0.0
2013-08-28 17:15:37,0.0
2013-08-28 17:15:47,0.0
2013-08-28 17:15:57,0.0
2013-08-28 17:16:07,0.0
2013-08-28 17:16:17,0.0
2013-08-28 17:16:27,0.0
2013-08-28 17:16:37,0.0
2013-08-28 17:16:47,0.0
2013-08-28 17:16:57,0.0
2013-08-28 17:17:07,0.0
2013-08-28 17:17:17,0.0
2013-08-28 17:17:27,0.0
2013-08-28 17:17:37,0.0
2013-08-28 17:17:47,0.0
2013-08-28 17:17:57,0.0
2013-08-28 17:18:07,0.0
2013-08-28 17:18:17,0.0
2013-08-28 17:18:27,0.0
2013-08-28 17:18:37,0.0
2013-08-28 17:18:47,0.0
2013-08-28 17:18:57,0.0
2013-08-28 17:19:07,0.0
2013-08-28 17:19:17,0.0
2013-08-28 17:19:27,0.0
2013-08-28 17:19:37,0.0
2013-08-28 17:19:47,0.0
2013-08-28 17:19:57,0.0
2013-08-28 17:20:07,0.0
2013-08-28 17:20:17,0.0
2013-08-28 17:20:27,0.0
2013-08-28 17:20:37,0.0
2013-08-28 17:20:47,0.0
2013-08-28 17:20:57,0.0
2013-08-28 17:21:07,0.0
2013-08-28 17:21:17,0.0
2013-08-28 17:21:27,0.0
2013-08-28 17:21:37,0.0
2013-08-28 17:21:47,0.0
2013-08-28 17:21:57,0.0
2013-08-28 17:22:07,0.0
2013-08-28 17:22:17,0.0
2013-08-28 17:22:27,0.0
2013-08-28 17:22:37,0.0
2013-08-28 17:22:47,0.0
2013-08-28 17:22:57,0.0
2013-08-28 17:23:07,0.0
2013-08-28 17:23:17,0.0
2013-08-28 17:23:27,0.0
2013-08-28 17:23:37,0.0
2013-08-28 17:23:47,0.0
2013-08-28 17:23:57,0.0
2013-08-28 17:24:07,0.0
2013-08-28 17:24:17,0.0
2013-08-28 17:24:27,0.0
2013-08-28 17:24:37,0.0
2013-08-28 17:24:47,0.0
2013-08-28 17:24:57,0.0
2013-08-28 17:25:07,0.0
2013-08-28 17:25:17,0.0
2013-08-28 17:25:27,0.0
2013-08-28 17:25:37,0.0
2013-08-28 17:25:47,0.0
2013-08-28 17:25:57,0.0
2013-08-28 17:26:07,0.0
2013-08-28 17:26:17,0.0
2013-08-28 17:26:27,0.0
2013-08-28 17:26:37,0.0
2013-08-28 17:26:47,0.0
2013-08-28 17:26:57,0.0
2013-08-28 17:27:07,0.0
2013-08-28 17:27:17,0.0
2013-08-28 17:27:27,0.0
2013-08-28 17:27:37,0.0
2013-08-28 17:27:47,0.0
2013-08-28 17:27:57,0.0
2013-08-28 17:28:07,0.0
2013-08-28 17:28:17,0.0
2013-08-28 17:28:27,0.0
2013-08-28 17:28:37,0.0
2013-08-28 17:28:47,0.0
2013-08-28 17:28:57,0.0
2013-08-28 17:29:07,0.0
2013-08-28 17:29:17,0.0
2013-08-28 17:29:27,0.0
2013-08-28 17:29:37,0.0
2013-08-28 17:29:47,0.0
2013-08-28 17:29:57,0.0
2013-08-28 17:30:07,0.0
2013-08-28 17:30:17,0.0
2013-08-28 17:30:27,0.0
2013-08-28 17:30:37,0.0
2013-08-28 17:30:47,0.0
2013-08-28 17:30:57,0.0
2013-08-28 17:31:07,0.0
2013-08-28 17:31:17,0.0
2013-08-28 17:31:27,0.0
2013-08-28 17:31:37,0.0
2013-08-28 17:31:47,0.0
2013-08-28 17:31:57,0.0
2013-08-28 17:32:07,0.0
2013-08-28 17:32:18,0.0
2013-08-28 17:32:27,0.0
2013-08-28 17:32:37,0.0
2013-08-28 17:32:47,0.0
2013-08-28 17:32:57,0.0
2013-08-28 17:33:07,0.0
2013-08-28 17:33:17,0.0
2013-08-28 17:33:27,0.0
2013-08-28 17:33:37,0.0
2013-08-28 17:33:47,0.0
2013-08-28 17:33:57,0.0
2013-08-28 17:34:07,0.0
2013-08-28 17:34:17,0.0
2013-08-28 17:34:27,0.0
2013-08-28 17:34:37,0.0
2013-08-28 17:34:47,0.0
2013-08-28 17:34:57,0.0
2013-08-28 17:35:07,0.0
2013-08-28 17:35:17,0.0
2013-08-28 17:35:27,0.0
2013-08-28 17:35:37,0.0
2013-08-28 17:35:47,0.0
2013-08-28 17:35:57,0.0
2013-08-28 17:36:07,0.0
2013-08-28 17:36:17,0.0
2013-08-28 17:36:27,0.0
2013-08-28 17:36:37,0.0
2013-08-28 17:36:47,0.0
2013-08-28 17:36:57,0.0
2013-08-28 17:37:07,0.0
2013-08-28 17:37:17,0.0
2013-08-28 17:37:27,0.0
2013-08-28 17:37:37,0.0
2013-08-28 17:37:47,0.0
2013-08-28 17:37:57,0.0
2013-08-28 17:38:07,0.0
2013-08-28 17:38:17,0.0
2013-08-28 17:38:27,0.0
2013-08-28 17:38:37,0.0
2013-08-28 17:38:47,0.0
2013-08-28 17:38:57,0.0
2013-08-28 17:39:07,0.0
2013-08-28 17:39:17,0.0
2013-08-28 17:39:27,0.0
2013-08-28 17:39:37,0.0
2013-08-28 17:39:47,0.0
2013-08-28 17:39:57,0.0
2013-08-28 17:40:07,0.0
2013-08-28 17:40:17,0.0
2013-08-28 17:40:27,0.0
2013-08-28 17:40:37,0.0
2013-08-28 17:40:47,0.0
2013-08-28 17:40:57,0.0
2013-08-28 17:41:07,0.0
2013-08-28 17:41:17,0.0
2013-08-28 17:41:27,0.0
2013-08-28 17:41:37,0.0
2013-08-28 17:41:47,0.0
2013-08-28 17:41:57,0.0
2013-08-28 17:42:07,0.0
2013-08-28 17:42:17,0.0
2013-08-28 17:42:27,0.0
2013-08-28 17:42:37,0.0
2013-08-28 17:42:47,0.0
2013-08-28 17:42:57,0.0
2013-08-28 17:43:07,0.0
2013-08-28 17:43:17,0.0
2013-08-28 17:43:27,0.0
2013-08-28 17:43:37,0.0
2013-08-28 17:43:47,0.0
2013-08-28 17:43:57,0.0
2013-08-28 17:44:07,0.0
2013-08-28 17:44:17,0.0
2013-08-28 17:44:27,0.0
2013-08-28 17:44:37,0.0
2013-08-28 17:44:47,0.0
2013-08-28 17:44:57,0.0
2013-08-28 17:45:07,0.0
2013-08-28 17:45:17,0.0
2013-08-28 17:45:27,0.0
2013-08-28 17:45:37,0.0
2013-08-28 17:45:47,0.0
2013-08-28 17:45:57,0.0
2013-08-28 17:46:07,0.0
2013-08-28 17:46:17,0.0
2013-08-28 17:46:27,0.0
2013-08-28 17:46:37,0.0
2013-08-28 17:46:47,0.0
2013-08-28 17:46:57,0.0
2013-08-28 17:47:07,0.0
2013-08-28 17:47:17,0.0
2013-08-28 17:47:27,0.0
2013-08-28 17:47:37,0.0
2013-08-28 17:47:47,0.0
2013-08-28 17:47:57,0.0
2013-08-28 17:48:07,0.0
2013-08-28 17:48:17,0.0
2013-08-28 17:48:27,0.0
2013-08-28 17:48:37,0.0
2013-08-28 17:48:47,0.0
2013-08-28 17:48:57,0.0
2013-08-28 17:49:07,0.0
2013-08-28 17:49:17,0.0
2013-08-28 17:49:27,0.0
2013-08-28 17:49:37,0.0
2013-08-28 17:49:47,0.0
2013-08-28 17:49:57,0.0
2013-08-28 17:50:07,0.0
2013-08-28 17:50:17,0.0
2013-08-28 17:50:27,0.0
2013-08-28 17:50:37,0.0
2013-08-28 17:50:47,0.0
2013-08-28 17:50:57,0.0
2013-08-28 17:51:07,0.0
2013-08-28 17:51:17,0.0
2013-08-28 17:51:27,0.0
2013-08-28 17:51:37,0.0
2013-08-28 17:51:47,0.0
2013-08-28 17:51:57,0.0
2013-08-28 17:52:07,0.0
2013-08-28 17:52:17,0.0
2013-08-28 17:52:27,0.0
2013-08-28 17:52:37,0.0
2013-08-28 17:52:47,0.0
2013-08-28 17:52:57,0.0
2013-08-28 17:53:07,0.0
2013-08-28 17:53:17,0.0
2013-08-28 17:53:27,0.0
2013-08-28 17:53:37,0.0
2013-08-28 17:53:47,0.0
2013-08-28 17:53:57,0.0
2013-08-28 17:54:07,0.0
2013-08-28 17:54:17,0.0
2013-08-28 17:54:27,0.0
2013-08-28 17:54:37,0.0
2013-08-28 17:54:47,0.0
2013-08-28 17:54:57,0.0
2013-08-28 17:55:07,0.0
2013-08-28 17:55:17,0.0
2013-08-28 17:55:27,0.0
2013-08-28 17:55:37,0.0
2013-08-28 17:55:47,0.0
2013-08-28 17:55:57,0.0
2013-08-28 17:56:07,0.0
2013-08-28 17:56:17,0.0
2013-08-28 17:56:27,0.0
2013-08-28 17:56:37,0.0
2013-08-28 17:56:47,0.0
2013-08-28 17:56:57,0.0
2013-08-28 17:57:07,0.0
2013-08-28 17:57:17,0.0
2013-08-28 17:57:27,0.0
2013-08-28 17:57:37,0.0
2013-08-28 17:57:47,0.0
2013-08-28 17:57:57,0.0
2013-08-28 17:58:07,0.0
2013-08-28 17:58:17,0.0
2013-08-28 17:58:27,0.0
2013-08-28 17:58:37,0.0
2013-08-28 17:58:47,0.0
2013-08-28 17:58:57,0.0
2013-08-28 17:59:07,0.0
2013-08-28 17:59:17,0.0
2013-08-28 17:59:27,0.0
2013-08-28 17:59:37,0.0
2013-08-28 17:59:47,0.0
2013-08-28 17:59:57,0.0
2013-08-28 18:00:07,0.0
2013-08-28 18:00:17,0.0
2013-08-28 18:00:27,0.0
2013-08-28 18:00:37,0.0
2013-08-28 18:00:47,0.0
2013-08-28 18:00:57,0.0
2013-08-28 18:01:07,0.0
2013-08-28 18:01:17,0.0
2013-08-28 18:01:27,0.0
2013-08-28 18:01:37,0.0
2013-08-28 18:01:47,0.0
2013-08-28 18:01:57,0.0
2013-08-28 18:02:07,0.0
2013-08-28 18:02:17,0.0
2013-08-28 18:02:27,0.0
2013-08-28 18:02:37,0.0
2013-08-28 18:02:47,0.0
2013-08-28 18:02:57,0.0
2013-08-28 18:03:07,0.0
2013-08-28 18:03:17,0.0
2013-08-28 18:03:27,0.0
2013-08-28 18:03:37,0.0
2013-08-28 18:03:47,0.0
2013-08-28 18:03:57,0.0
2013-08-28 18:04:07,0.0
2013-08-28 18:04:17,0.0
2013-08-28 18:04:27,0.0
2013-08-28 18:04:37,0.0
2013-08-28 18:04:47,0.0
2013-08-28 18:04:57,0.0
2013-08-28 18:05:07,0.0
2013-08-28 18:05:17,0.0
2013-08-28 18:05:27,0.0
2013-08-28 18:05:37,0.0
2013-08-28 18:05:47,0.0
2013-08-28 18:05:57,0.0
2013-08-28 18:06:07,0.0
2013-08-28 18:06:17,0.0
2013-08-28 18:06:27,0.0
2013-08-28 18:06:37,0.0
2013-08-28 18:06:47,0.0
2013-08-28 18:06:57,0.0
2013-08-28 18:07:07,0.0
2013-08-28 18:07:17,0.0
2013-08-28 18:07:27,0.0
2013-08-28 18:07:37,0.0
2013-08-28 18:07:47,0.0
2013-08-28 18:07:57,0.0
2013-08-28 18:08:07,0.0
2013-08-28 18:08:17,0.0
2013-08-28 18:08:27,0.0
2013-08-28 18:08:37,0.0
2013-08-28 18:08:47,0.0
2013-08-28 18:08:57,0.0
2013-08-28 18:09:07,0.0
2013-08-28 18:09:17,0.0
2013-08-28 18:09:27,0.0
2013-08-28 18:09:37,0.0
2013-08-28 18:09:47,0.0
2013-08-28 18:09:57,0.0
2013-08-28 18:10:07,0.0
2013-08-28 18:10:17,0.0
2013-08-28 18:10:27,0.0
2013-08-28 18:10:37,0.0
2013-08-28 18:10:47,0.0
2013-08-28 18:10:57,0.0
2013-08-28 18:11:07,0.0
2013-08-28 18:11:17,0.0
2013-08-28 18:11:27,0.0
2013-08-28 18:11:37,0.0
2013-08-28 18:11:47,0.0
2013-08-28 18:11:57,0.0
2013-08-28 18:12:07,0.0
2013-08-28 18:12:17,0.0
2013-08-28 18:12:27,0.0
2013-08-28 18:12:37,0.0
2013-08-28 18:12:47,0.0
2013-08-28 18:12:57,0.0
2013-08-28 18:13:07,0.0
2013-08-28 18:13:17,0.0
2013-08-28 18:13:27,0.0
2013-08-28 18:13:37,0.0
2013-08-28 18:13:47,0.0
2013-08-28 18:13:57,0.0
2013-08-28 18:14:07,0.0
2013-08-28 18:14:17,0.0
2013-08-28 18:14:27,0.0
2013-08-28 18:14:37,0.0
2013-08-28 18:14:47,0.0
2013-08-28 18:14:57,0.0
2013-08-28 18:15:07,0.0
2013-08-28 18:15:17,0.0
2013-08-28 18:15:27,0.0
2013-08-28 18:15:37,0.0
2013-08-28 18:15:47,0.0
2013-08-28 18:15:57,0.0
2013-08-28 18:16:07,0.0
2013-08-28 18:16:17,0.0
2013-08-28 18:16:27,0.0
2013-08-28 18:16:37,0.0
2013-08-28 18:16:47,0.0
2013-08-28 18:16:57,0.0
2013-08-28 18:17:07,0.0
2013-08-28 18:17:17,0.0
2013-08-28 18:17:27,0.0
2013-08-28 18:17:37,0.0
2013-08-28 18:17:47,0.0
2013-08-28 18:17:57,0.0
2013-08-28 18:18:07,0.0
2013-08-28 18:18:17,0.0
2013-08-28 18:18:27,0.0
2013-08-28 18:18:37,0.0
2013-08-28 18:18:47,0.0
2013-08-28 18:18:57,0.0
2013-08-28 18:19:07,0.0
2013-08-28 18:19:17,0.0
2013-08-28 18:19:27,0.0
2013-08-28 18:19:37,0.0
2013-08-28 18:19:47,0.0
2013-08-28 18:19:57,0.0
2013-08-28 18:20:07,0.0
2013-08-28 18:20:17,0.0
2013-08-28 18:20:27,0.0
2013-08-28 18:20:37,0.0
2013-08-28 18:20:48,0.0
2013-08-28 18:20:57,0.0
2013-08-28 18:21:07,0.0
2013-08-28 18:21:17,0.0
2013-08-28 18:21:27,0.0
2013-08-28 18:21:37,0.0
2013-08-28 18:21:47,0.0
2013-08-28 18:21:57,0.0
2013-08-28 18:22:07,0.0
2013-08-28 18:22:17,0.0
2013-08-28 18:22:27,0.0
2013-08-28 18:22:37,0.0
2013-08-28 18:22:47,0.0
2013-08-28 18:22:57,0.0
2013-08-28 18:23:07,0.0
2013-08-28 18:23:17,0.0
2013-08-28 18:23:27,0.0
2013-08-28 18:23:37,0.0
2013-08-28 18:23:47,0.0
2013-08-28 18:23:57,0.0
2013-08-28 18:24:07,0.0
2013-08-28 18:24:17,0.0
2013-08-28 18:24:27,0.0
2013-08-28 18:24:37,0.0
2013-08-28 18:24:47,0.0
2013-08-28 18:24:57,0.0
2013-08-28 18:25:07,0.0
2013-08-28 18:25:17,0.0
2013-08-28 18:25:27,0.0
2013-08-28 18:25:37,0.0
2013-08-28 18:25:47,0.0
2013-08-28 18:25:57,0.0
2013-08-28 18:26:07,0.0
2013-08-28 18:26:17,0.0
2013-08-28 18:26:27,0.0
2013-08-28 18:26:37,0.0
2013-08-28 18:26:47,0.0
2013-08-28 18:26:57,0.0
2013-08-28 18:27:07,0.0
2013-08-28 18:27:17,0.0
2013-08-28 18:27:27,0.0
2013-08-28 18:27:37,0.0
2013-08-28 18:27:47,0.0
2013-08-28 18:27:57,0.0
2013-08-28 18:28:07,0.0
2013-08-28 18:28:17,0.0
2013-08-28 18:28:27,0.0
2013-08-28 18:28:37,0.0
2013-08-28 18:28:47,0.0
2013-08-28 18:28:57,0.0
2013-08-28 18:29:07,0.0
2013-08-28 18:29:17,0.0
2013-08-28 18:29:27,0.0
2013-08-28 18:29:37,0.0
2013-08-28 18:29:47,0.0
2013-08-28 18:29:57,0.0
2013-08-28 18:30:07,0.0
2013-08-28 18:30:17,0.0
2013-08-28 18:30:27,0.0
2013-08-28 18:30:37,0.0
2013-08-28 18:30:47,0.0
2013-08-28 18:30:57,0.0
2013-08-28 18:31:07,0.0
2013-08-28 18:31:17,0.0
2013-08-28 18:31:27,0.0
2013-08-28 18:31:37,0.0
2013-08-28 18:31:47,0.0
2013-08-28 18:31:57,0.0
2013-08-28 18:32:07,0.0
2013-08-28 18:32:17,0.0
2013-08-28 18:32:27,0.0
2013-08-28 18:32:37,0.0
2013-08-28 18:32:47,0.0
2013-08-28 18:32:57,0.0
2013-08-28 18:33:07,0.0
2013-08-28 18:33:17,0.0
2013-08-28 18:33:27,0.0
2013-08-28 18:33:37,0.0
2013-08-28 18:33:47,0.0
2013-08-28 18:33:57,0.0
2013-08-28 18:34:07,0.0
2013-08-28 18:34:17,0.0
2013-08-28 18:34:27,0.0
2013-08-28 18:34:37,0.0
2013-08-28 18:34:47,0.0
2013-08-28 18:34:57,0.0
2013-08-28 18:35:07,0.0
2013-08-28 18:35:17,0.0
2013-08-28 18:35:27,0.0
2013-08-28 18:35:37,0.0
2013-08-28 18:35:47,0.0
2013-08-28 18:35:57,0.0
2013-08-28 18:36:07,0.0
2013-08-28 18:36:17,0.0
2013-08-28 18:36:27,0.0
2013-08-28 18:36:37,0.0
2013-08-28 18:36:47,0.0
2013-08-28 18:36:57,0.0
2013-08-28 18:37:07,0.0
2013-08-28 18:37:17,0.0
2013-08-28 18:37:27,0.0
2013-08-28 18:37:37,0.0
2013-08-28 18:37:47,0.0
2013-08-28 18:37:57,0.0
2013-08-28 18:38:07,0.0
2013-08-28 18:38:17,0.0
2013-08-28 18:38:27,0.0
2013-08-28 18:38:37,0.0
2013-08-28 18:38:47,0.0
2013-08-28 18:38:57,0.0
2013-08-28 18:39:07,0.0
2013-08-28 18:39:17,0.0
2013-08-28 18:39:27,0.0
2013-08-28 18:39:37,0.0
2013-08-28 18:39:47,0.0
2013-08-28 18:39:57,0.0
2013-08-28 18:40:07,0.0
2013-08-28 18:40:17,0.0
2013-08-28 18:40:27,0.0
2013-08-28 18:40:37,0.0
2013-08-28 18:40:47,0.0
2013-08-28 18:40:57,0.0
2013-08-28 18:41:07,0.0
2013-08-28 18:41:17,0.0
2013-08-28 18:41:27,0.0
2013-08-28 18:41:37,0.0
2013-08-28 18:41:47,0.0
2013-08-28 18:41:57,0.0
2013-08-28 18:42:07,0.0
2013-08-28 18:42:17,0.0
2013-08-28 18:42:27,0.0
2013-08-28 18:42:37,0.0
2013-08-28 18:42:47,0.0
2013-08-28 18:42:57,0.0
2013-08-28 18:43:07,0.0
2013-08-28 18:43:17,0.0
2013-08-28 18:43:27,0.0
2013-08-28 18:43:37,0.0
2013-08-28 18:43:47,0.0
2013-08-28 18:43:57,0.0
2013-08-28 18:44:07,0.0
2013-08-28 18:44:17,0.0
2013-08-28 18:44:27,0.0
2013-08-28 18:44:37,0.0
2013-08-28 18:44:47,0.0
2013-08-28 18:44:57,0.0
2013-08-28 18:45:07,0.0
2013-08-28 18:45:17,0.0
2013-08-28 18:45:27,0.0
2013-08-28 18:45:37,0.0
2013-08-28 18:45:47,0.0
2013-08-28 18:45:57,0.0
2013-08-28 18:46:07,0.0
2013-08-28 18:46:17,0.0
2013-08-28 18:46:27,0.0
2013-08-28 18:46:37,0.0
2013-08-28 18:46:47,0.0
2013-08-28 18:46:57,0.0
2013-08-28 18:47:07,0.0
2013-08-28 18:47:17,0.0
2013-08-28 18:47:27,0.0
2013-08-28 18:47:37,0.0
2013-08-28 18:47:47,0.0
2013-08-28 18:47:57,0.0
2013-08-28 18:48:07,0.0
2013-08-28 18:48:17,0.0
2013-08-28 18:48:27,0.0
2013-08-28 18:48:37,0.0
2013-08-28 18:48:47,0.0
2013-08-28 18:48:57,0.0
2013-08-28 18:49:07,0.0
2013-08-28 18:49:17,0.0
2013-08-28 18:49:27,0.0
2013-08-28 18:49:37,0.0
2013-08-28 18:49:47,0.0
2013-08-28 18:49:57,0.0
2013-08-28 18:50:07,0.0
2013-08-28 18:50:17,0.0
2013-08-28 18:50:27,0.0
2013-08-28 18:50:37,0.0
2013-08-28 18:50:47,0.0
2013-08-28 18:50:57,0.0
2013-08-28 18:51:07,0.0
2013-08-28 18:51:17,0.0
2013-08-28 18:51:27,0.0
2013-08-28 18:51:37,0.0
2013-08-28 18:51:47,0.0
2013-08-28 18:51:57,0.0
2013-08-28 18:52:07,0.0
2013-08-28 18:52:17,0.0
2013-08-28 18:52:27,0.0
2013-08-28 18:52:37,0.0
2013-08-28 18:52:47,0.0
2013-08-28 18:52:57,0.0
2013-08-28 18:53:07,0.0
2013-08-28 18:53:18,0.0
2013-08-28 18:53:27,0.0
2013-08-28 18:53:37,0.0
2013-08-28 18:53:47,0.0
2013-08-28 18:53:57,0.0
2013-08-28 18:54:07,0.0
2013-08-28 18:54:17,0.0
2013-08-28 18:54:27,0.0
2013-08-28 18:54:37,0.0
2013-08-28 18:54:47,0.0
2013-08-28 18:54:57,0.0
2013-08-28 18:55:07,0.0
2013-08-28 18:55:17,0.0
2013-08-28 18:55:27,0.0
2013-08-28 18:55:37,0.0
2013-08-28 18:55:47,0.0
2013-08-28 18:55:57,0.0
2013-08-28 18:56:07,0.0
2013-08-28 18:56:17,0.0
2013-08-28 18:56:27,0.0
2013-08-28 18:56:37,0.0
2013-08-28 18:56:47,0.0
2013-08-28 18:56:57,0.0
2013-08-28 18:57:07,0.0
2013-08-28 18:57:17,0.0
2013-08-28 18:57:27,0.0
2013-08-28 18:57:37,0.0
2013-08-28 18:57:47,0.0
2013-08-28 18:57:57,0.0
2013-08-28 18:58:07,0.0
2013-08-28 18:58:17,0.0
2013-08-28 18:58:27,0.0
2013-08-28 18:58:37,0.0
2013-08-28 18:58:47,0.0
2013-08-28 18:58:57,0.0
2013-08-28 18:59:07,0.0
2013-08-28 18:59:17,0.0
2013-08-28 18:59:27,0.0
2013-08-28 18:59:37,0.0
2013-08-28 18:59:47,0.0
2013-08-28 18:59:57,0.0
2013-08-28 19:00:07,0.0
2013-08-28 19:00:17,0.0
2013-08-28 19:00:27,0.0
2013-08-28 19:00:37,0.0
2013-08-28 19:00:47,0.0
2013-08-28 19:00:57,0.0
2013-08-28 19:01:07,0.0
2013-08-28 19:01:17,0.0
2013-08-28 19:01:27,0.0
2013-08-28 19:01:37,0.0
2013-08-28 19:01:47,0.0
2013-08-28 19:01:57,0.0
2013-08-28 19:02:07,0.0
2013-08-28 19:02:17,0.0
2013-08-28 19:02:27,0.0
2013-08-28 19:02:37,0.0
2013-08-28 19:02:47,0.0
2013-08-28 19:02:57,0.0
2013-08-28 19:03:07,0.0
2013-08-28 19:03:17,0.0
2013-08-28 19:03:27,0.0
2013-08-28 19:03:37,0.0
2013-08-28 19:03:47,0.0
2013-08-28 19:03:57,0.0
2013-08-28 19:04:07,0.0
2013-08-28 19:04:17,0.0
2013-08-28 19:04:27,0.0
2013-08-28 19:04:37,0.0
2013-08-28 19:04:47,0.0
2013-08-28 19:04:57,0.0
2013-08-28 19:05:07,0.0
2013-08-28 19:05:17,0.0
2013-08-28 19:05:27,0.0
2013-08-28 19:05:37,0.0
2013-08-28 19:05:47,0.0
2013-08-28 19:05:57,0.0
2013-08-28 19:06:07,0.0
2013-08-28 19:06:17,0.0
2013-08-28 19:06:27,0.0
2013-08-28 19:06:37,0.0
2013-08-28 19:06:47,0.0
2013-08-28 19:06:57,0.0
2013-08-28 19:07:07,0.0
2013-08-28 19:07:17,0.0
2013-08-28 19:07:27,0.0
2013-08-28 19:07:37,0.0
2013-08-28 19:07:47,0.0
2013-08-28 19:07:57,0.0
2013-08-28 19:08:07,0.0
2013-08-28 19:08:17,0.0
2013-08-28 19:08:27,0.0
2013-08-28 19:08:37,0.0
2013-08-28 19:08:47,0.0
2013-08-28 19:08:57,0.0
2013-08-28 19:09:07,0.0
2013-08-28 19:09:17,0.0
2013-08-28 19:09:27,0.0
2013-08-28 19:09:37,0.0
2013-08-28 19:09:47,0.0
2013-08-28 19:09:57,0.0
2013-08-28 19:10:07,0.0
2013-08-28 19:10:17,0.0
2013-08-28 19:10:27,0.0
2013-08-28 19:10:37,0.0
2013-08-28 19:10:47,0.0
2013-08-28 19:10:57,0.0
2013-08-28 19:11:07,0.0
2013-08-28 19:11:17,0.0
2013-08-28 19:11:27,0.0
2013-08-28 19:11:37,0.0
2013-08-28 19:11:47,0.0
2013-08-28 19:11:57,0.0
2013-08-28 19:12:07,0.0
2013-08-28 19:12:17,0.0
2013-08-28 19:12:27,0.0
2013-08-28 19:12:37,0.0
2013-08-28 19:12:47,0.0
2013-08-28 19:12:57,0.0
2013-08-28 19:13:07,0.0
2013-08-28 19:13:17,0.0
2013-08-28 19:13:27,0.0
2013-08-28 19:13:37,0.0
2013-08-28 19:13:47,0.0
2013-08-28 19:13:57,0.0
2013-08-28 19:14:07,0.0
2013-08-28 19:14:17,0.0
2013-08-28 19:14:27,0.0
2013-08-28 19:14:37,0.0
2013-08-28 19:14:47,0.0
2013-08-28 19:14:57,0.0
2013-08-28 19:15:07,0.0
2013-08-28 19:15:17,0.0
2013-08-28 19:15:27,0.0
2013-08-28 19:15:37,0.0
2013-08-28 19:15:47,0.0
2013-08-28 19:15:57,0.0
2013-08-28 19:16:07,0.0
2013-08-28 19:16:17,0.0
2013-08-28 19:16:27,0.0
2013-08-28 19:16:37,0.0
2013-08-28 19:16:47,0.0
2013-08-28 19:16:57,0.0
2013-08-28 19:17:07,0.0
2013-08-28 19:17:17,0.0
2013-08-28 19:17:27,0.0
2013-08-28 19:17:37,0.0
2013-08-28 19:17:47,0.0
2013-08-28 19:17:57,0.0
2013-08-28 19:18:07,0.0
2013-08-28 19:18:17,0.0
2013-08-28 19:18:28,0.0
2013-08-28 19:18:37,0.0
2013-08-28 19:18:47,0.0
2013-08-28 19:18:57,0.0
2013-08-28 19:19:07,0.0
2013-08-28 19:19:17,0.0
2013-08-28 19:19:27,0.0
2013-08-28 19:19:37,0.0
2013-08-28 19:19:47,0.0
2013-08-28 19:19:57,0.0
2013-08-28 19:20:07,0.0
2013-08-28 19:20:17,0.0
2013-08-28 19:20:27,0.0
2013-08-28 19:20:37,0.0
2013-08-28 19:20:47,0.0
2013-08-28 19:20:57,0.0
2013-08-28 19:21:07,0.0
2013-08-28 19:21:17,0.0
2013-08-28 19:21:27,0.0
2013-08-28 19:21:37,0.0
2013-08-28 19:21:47,0.0
2013-08-28 19:21:57,0.0
2013-08-28 19:22:07,0.0
2013-08-28 19:22:17,0.0
2013-08-28 19:22:27,0.0
2013-08-28 19:22:37,0.0
2013-08-28 19:22:47,0.0
2013-08-28 19:22:57,0.0
2013-08-28 19:23:07,0.0
2013-08-28 19:23:17,0.0
2013-08-28 19:23:27,0.0
2013-08-28 19:23:37,0.0
2013-08-28 19:23:47,0.0
2013-08-28 19:23:57,0.0
2013-08-28 19:24:07,0.0
2013-08-28 19:24:17,0.0
2013-08-28 19:24:27,0.0
2013-08-28 19:24:37,0.0
2013-08-28 19:24:47,0.0
2013-08-28 19:24:57,0.0
2013-08-28 19:25:07,0.0
2013-08-28 19:25:17,0.0
2013-08-28 19:25:27,0.0
2013-08-28 19:25:37,0.0
2013-08-28 19:25:47,0.0
2013-08-28 19:25:57,0.0
2013-08-28 19:26:07,0.0
2013-08-28 19:26:17,0.0
2013-08-28 19:26:27,0.0
2013-08-28 19:26:37,0.0
2013-08-28 19:26:47,0.0
2013-08-28 19:26:57,0.0
2013-08-28 19:27:07,0.0
2013-08-28 19:27:17,0.0
2013-08-28 19:27:27,0.0
2013-08-28 19:27:37,0.0
2013-08-28 19:27:47,0.0
2013-08-28 19:27:57,0.0
2013-08-28 19:28:07,0.0
2013-08-28 19:28:17,0.0
2013-08-28 19:28:27,0.0
2013-08-28 19:28:37,0.0
2013-08-28 19:28:47,0.0
2013-08-28 19:28:57,0.0
2013-08-28 19:29:07,0.0
2013-08-28 19:29:17,0.0
2013-08-28 19:29:27,0.0
2013-08-28 19:29:37,0.0
2013-08-28 19:29:47,0.0
2013-08-28 19:29:57,0.0
2013-08-28 19:30:07,0.0
2013-08-28 19:30:17,0.0
2013-08-28 19:30:27,0.0
2013-08-28 19:30:37,0.0
2013-08-28 19:30:47,0.0
2013-08-28 19:30:57,0.0
2013-08-28 19:31:07,0.0
2013-08-28 19:31:17,0.0
2013-08-28 19:31:27,0.0
2013-08-28 19:31:37,0.0
2013-08-28 19:31:47,0.0
2013-08-28 19:31:57,0.0
2013-08-28 19:32:07,0.0
2013-08-28 19:32:17,0.0
2013-08-28 19:32:27,0.0
2013-08-28 19:32:37,0.0
2013-08-28 19:32:47,0.0
2013-08-28 19:32:57,0.0
2013-08-28 19:33:07,0.0
2013-08-28 19:33:17,0.0
2013-08-28 19:33:27,0.0
2013-08-28 19:33:37,0.0
2013-08-28 19:33:47,0.0
2013-08-28 19:33:57,0.0
2013-08-28 19:34:07,0.0
2013-08-28 19:34:17,0.0
2013-08-28 19:34:27,0.0
2013-08-28 19:34:37,0.0
2013-08-28 19:34:47,0.0
2013-08-28 19:34:57,0.0
2013-08-28 19:35:07,0.0
2013-08-28 19:35:17,0.0
2013-08-28 19:35:27,0.0
2013-08-28 19:35:37,0.0
2013-08-28 19:35:47,0.0
2013-08-28 19:35:57,0.0
2013-08-28 19:36:07,0.0
2013-08-28 19:36:17,0.0
2013-08-28 19:36:27,0.0
2013-08-28 19:36:37,0.0
2013-08-28 19:36:47,0.0
2013-08-28 19:36:57,0.0
2013-08-28 19:37:07,0.0
2013-08-28 19:37:17,0.0
2013-08-28 19:37:27,0.0
2013-08-28 19:37:37,0.0
2013-08-28 19:37:47,0.0
2013-08-28 19:37:57,0.0
2013-08-28 19:38:07,0.0
2013-08-28 19:38:17,0.0
2013-08-28 19:38:27,0.0
2013-08-28 19:38:37,0.0
2013-08-28 19:38:47,0.0
2013-08-28 19:38:57,0.0
2013-08-28 19:39:07,0.0
2013-08-28 19:39:17,0.0
2013-08-28 19:39:27,0.0
2013-08-28 19:39:37,0.0
2013-08-28 19:39:47,0.0
2013-08-28 19:39:57,0.0
2013-08-28 19:40:07,0.0
2013-08-28 19:40:17,0.0
2013-08-28 19:40:27,0.0
2013-08-28 19:40:37,0.0
2013-08-28 19:40:47,0.0
2013-08-28 19:40:57,0.0
2013-08-28 19:41:07,0.0
2013-08-28 19:41:17,0.0
2013-08-28 19:41:27,0.0
2013-08-28 19:41:37,0.0
2013-08-28 19:41:47,0.0
2013-08-28 19:41:57,0.0
2013-08-28 19:42:07,0.0
2013-08-28 19:42:17,0.0
2013-08-28 19:42:27,0.0
2013-08-28 19:42:37,0.0
2013-08-28 19:42:47,0.0
2013-08-28 19:42:57,0.0
2013-08-28 19:43:07,0.0
2013-08-28 19:43:17,0.0
2013-08-28 19:43:28,0.0
2013-08-28 19:43:37,0.0
2013-08-28 19:43:47,0.0
2013-08-28 19:43:57,0.0
2013-08-28 19:44:07,0.0
2013-08-28 19:44:17,0.0
2013-08-28 19:44:27,0.0
2013-08-28 19:44:37,0.0
2013-08-28 19:44:47,0.0
2013-08-28 19:44:57,0.0
2013-08-28 19:45:07,0.0
2013-08-28 19:45:17,0.0
2013-08-28 19:45:27,0.0
2013-08-28 19:45:37,0.0
2013-08-28 19:45:47,0.0
2013-08-28 19:45:57,0.0
2013-08-28 19:46:07,0.0
2013-08-28 19:46:17,0.0
2013-08-28 19:46:27,0.0
2013-08-28 19:46:37,0.0
2013-08-28 19:46:47,0.0
2013-08-28 19:46:57,0.0
2013-08-28 19:47:07,0.0
2013-08-28 19:47:17,0.0
2013-08-28 19:47:27,0.0
2013-08-28 19:47:37,0.0
2013-08-28 19:47:47,0.0
2013-08-28 19:47:57,0.0
2013-08-28 19:48:07,0.0
2013-08-28 19:48:17,0.0
2013-08-28 19:48:27,0.0
2013-08-28 19:48:37,0.0
2013-08-28 19:48:47,0.0
2013-08-28 19:48:57,0.0
2013-08-28 19:49:07,0.0
2013-08-28 19:49:17,0.0
2013-08-28 19:49:27,0.0
2013-08-28 19:49:37,0.0
2013-08-28 19:49:47,0.0
2013-08-28 19:49:57,0.0
2013-08-28 19:50:07,0.0
2013-08-28 19:50:17,0.0
2013-08-28 19:50:27,0.0
2013-08-28 19:50:37,0.0
2013-08-28 19:50:47,0.0
2013-08-28 19:50:57,0.0
2013-08-28 19:51:07,0.0
2013-08-28 19:51:17,0.0
2013-08-28 19:51:27,0.0
2013-08-28 19:51:37,0.0
2013-08-28 19:51:47,0.0
2013-08-28 19:51:57,0.0
2013-08-28 19:52:07,0.0
2013-08-28 19:52:17,0.0
2013-08-28 19:52:27,0.0
2013-08-28 19:52:37,0.0
2013-08-28 19:52:47,0.0
2013-08-28 19:52:57,0.0
2013-08-28 19:53:07,0.0
2013-08-28 19:53:17,0.0
2013-08-28 19:53:27,0.0
2013-08-28 19:53:37,0.0
2013-08-28 19:53:47,0.0
2013-08-28 19:53:57,0.0
2013-08-28 19:54:07,0.0
2013-08-28 19:54:17,0.0
2013-08-28 19:54:27,0.0
2013-08-28 19:54:37,0.0
2013-08-28 19:54:47,0.0
2013-08-28 19:54:57,0.0
2013-08-28 19:55:07,0.0
2013-08-28 19:55:17,0.0
2013-08-28 19:55:27,0.0
2013-08-28 19:55:37,0.0
2013-08-28 19:55:47,0.0
2013-08-28 19:55:57,0.0
2013-08-28 19:56:07,0.0
2013-08-28 19:56:17,0.0
2013-08-28 19:56:27,0.0
2013-08-28 19:56:37,0.0
2013-08-28 19:56:47,0.0
2013-08-28 19:56:57,0.0
2013-08-28 19:57:07,0.0
2013-08-28 19:57:17,0.0
2013-08-28 19:57:27,0.0
2013-08-28 19:57:37,0.0
2013-08-28 19:57:47,0.0
2013-08-28 19:57:57,0.0
2013-08-28 19:58:07,0.0
2013-08-28 19:58:17,0.0
2013-08-28 19:58:27,0.0
2013-08-28 19:58:37,0.0
2013-08-28 19:58:47,0.0
2013-08-28 19:58:57,0.0
2013-08-28 19:59:07,0.0
2013-08-28 19:59:17,0.0
2013-08-28 19:59:27,0.0
2013-08-28 19:59:37,0.0
2013-08-28 19:59:47,0.0
2013-08-28 19:59:57,0.0
2013-08-28 20:00:07,0.0
2013-08-28 20:00:17,0.0
2013-08-28 20:00:27,0.0
2013-08-28 20:00:37,0.0
2013-08-28 20:00:47,0.0
2013-08-28 20:00:57,0.0
2013-08-28 20:01:07,0.0
2013-08-28 20:01:17,0.0
2013-08-28 20:01:27,0.0
2013-08-28 20:01:37,0.0
2013-08-28 20:01:47,0.0
2013-08-28 20:01:57,0.0
2013-08-28 20:02:07,0.0
2013-08-28 20:02:17,0.0
2013-08-28 20:02:27,0.0
2013-08-28 20:02:37,0.0
2013-08-28 20:02:47,0.0
2013-08-28 20:02:57,0.0
2013-08-28 20:03:07,0.0
2013-08-28 20:03:17,0.0
2013-08-28 20:03:27,0.0
2013-08-28 20:03:37,0.0
2013-08-28 20:03:47,0.0
2013-08-28 20:03:57,0.0
2013-08-28 20:04:07,0.0
2013-08-28 20:04:17,0.0
2013-08-28 20:04:27,0.0
2013-08-28 20:04:37,0.0
2013-08-28 20:04:47,0.0
2013-08-28 20:04:57,0.0
2013-08-28 20:05:07,0.0
2013-08-28 20:05:17,0.0
2013-08-28 20:05:27,0.0
2013-08-28 20:05:37,0.0
2013-08-28 20:05:47,0.0
2013-08-28 20:05:57,0.0
2013-08-28 20:06:07,0.0
2013-08-28 20:06:17,0.0
2013-08-28 20:06:27,0.0
2013-08-28 20:06:37,0.0
2013-08-28 20:06:47,0.0
2013-08-28 20:06:57,0.0
2013-08-28 20:07:07,0.0
2013-08-28 20:07:17,0.0
2013-08-28 20:07:27,0.0
2013-08-28 20:07:38,0.0
2013-08-28 20:07:47,0.0
2013-08-28 20:07:57,0.0
2013-08-28 20:08:07,0.0
2013-08-28 20:08:17,0.0
2013-08-28 20:08:27,0.0
2013-08-28 20:08:37,0.0
2013-08-28 20:08:47,0.0
2013-08-28 20:08:57,0.0
2013-08-28 20:09:07,0.0
2013-08-28 20:09:17,0.0
2013-08-28 20:09:27,0.0
2013-08-28 20:09:37,0.0
2013-08-28 20:09:47,0.0
2013-08-28 20:09:57,0.0
2013-08-28 20:10:07,0.0
2013-08-28 20:10:17,0.0
2013-08-28 20:10:27,0.0
2013-08-28 20:10:37,0.0
2013-08-28 20:10:47,0.0
2013-08-28 20:10:57,0.0
2013-08-28 20:11:07,0.0
2013-08-28 20:11:17,0.0
2013-08-28 20:11:27,0.0
2013-08-28 20:11:37,0.0
2013-08-28 20:11:47,0.0
2013-08-28 20:11:57,0.0
2013-08-28 20:12:07,0.0
2013-08-28 20:12:17,0.0
2013-08-28 20:12:27,0.0
2013-08-28 20:12:37,0.0
2013-08-28 20:12:47,0.0
2013-08-28 20:12:57,0.0
2013-08-28 20:13:07,0.0
2013-08-28 20:13:17,0.0
2013-08-28 20:13:27,0.0
2013-08-28 20:13:37,0.0
2013-08-28 20:13:47,0.0
2013-08-28 20:13:57,0.0
2013-08-28 20:14:07,0.0
2013-08-28 20:14:17,0.0
2013-08-28 20:14:27,0.0
2013-08-28 20:14:37,0.0
2013-08-28 20:14:47,0.0
2013-08-28 20:14:57,0.0
2013-08-28 20:15:07,0.0
2013-08-28 20:15:17,0.0
2013-08-28 20:15:27,0.0
2013-08-28 20:15:37,0.0
2013-08-28 20:15:47,0.0
2013-08-28 20:15:57,0.0
2013-08-28 20:16:07,0.0
2013-08-28 20:16:17,0.0
2013-08-28 20:16:27,0.0
2013-08-28 20:16:37,0.0
2013-08-28 20:16:47,0.0
2013-08-28 20:16:57,0.0
2013-08-28 20:17:07,0.0
2013-08-28 20:17:17,0.0
2013-08-28 20:17:27,0.0
2013-08-28 20:17:37,0.0
2013-08-28 20:17:47,0.0
2013-08-28 20:17:57,0.0
2013-08-28 20:18:07,0.0
2013-08-28 20:18:17,0.0
2013-08-28 20:18:27,0.0
2013-08-28 20:18:37,0.0
2013-08-28 20:18:47,0.0
2013-08-28 20:18:57,0.0
2013-08-28 20:19:07,0.0
2013-08-28 20:19:17,0.0
2013-08-28 20:19:27,0.0
2013-08-28 20:19:37,0.0
2013-08-28 20:19:47,0.0
2013-08-28 20:19:57,0.0
2013-08-28 20:20:07,0.0
2013-08-28 20:20:17,0.0
2013-08-28 20:20:27,0.0
2013-08-28 20:20:37,0.0
2013-08-28 20:20:47,0.0
2013-08-28 20:20:57,0.0
2013-08-28 20:21:07,0.0
2013-08-28 20:21:17,0.0
2013-08-28 20:21:27,0.0
2013-08-28 20:21:37,0.0
2013-08-28 20:21:47,0.0
2013-08-28 20:21:57,0.0
2013-08-28 20:22:07,0.0
2013-08-28 20:22:17,0.0
2013-08-28 20:22:27,0.0
2013-08-28 20:22:37,0.0
2013-08-28 20:22:47,0.0
2013-08-28 20:22:57,0.0
2013-08-28 20:23:07,0.0
2013-08-28 20:23:17,0.0
2013-08-28 20:23:27,0.0
2013-08-28 20:23:37,0.0
2013-08-28 20:23:47,0.0
2013-08-28 20:23:57,0.0
2013-08-28 20:24:07,0.0
2013-08-28 20:24:17,0.0
2013-08-28 20:24:27,0.0
2013-08-28 20:24:37,0.0
2013-08-28 20:24:47,0.0
2013-08-28 20:24:57,0.0
2013-08-28 20:25:07,0.0
2013-08-28 20:25:17,0.0
2013-08-28 20:25:27,0.0
2013-08-28 20:25:37,0.0
2013-08-28 20:25:47,0.0
2013-08-28 20:25:57,0.0
2013-08-28 20:26:07,0.0
2013-08-28 20:26:17,0.0
2013-08-28 20:26:27,0.0
2013-08-28 20:26:37,0.0
2013-08-28 20:26:47,0.0
2013-08-28 20:26:57,0.0
2013-08-28 20:27:07,0.0
2013-08-28 20:27:17,0.0
2013-08-28 20:27:27,0.0
2013-08-28 20:27:37,0.0
2013-08-28 20:27:47,0.0
2013-08-28 20:27:57,0.0
2013-08-28 20:28:07,0.0
2013-08-28 20:28:17,0.0
2013-08-28 20:28:27,0.0
2013-08-28 20:28:37,0.0
2013-08-28 20:28:47,0.0
2013-08-28 20:28:57,0.0
2013-08-28 20:29:07,0.0
2013-08-28 20:29:17,0.0
2013-08-28 20:29:27,0.0
2013-08-28 20:29:37,0.0
2013-08-28 20:29:47,0.0
2013-08-28 20:29:57,0.0
2013-08-28 20:30:07,0.0
2013-08-28 20:30:17,0.0
2013-08-28 20:30:27,0.0
2013-08-28 20:30:37,0.0
2013-08-28 20:30:47,0.0
2013-08-28 20:30:57,0.0
2013-08-28 20:31:07,0.0
2013-08-28 20:31:17,0.0
2013-08-28 20:31:27,0.0
2013-08-28 20:31:37,0.0
2013-08-28 20:31:47,0.0
2013-08-28 20:31:57,0.0
2013-08-28 20:32:07,0.0
2013-08-28 20:32:17,0.0
2013-08-28 20:32:27,0.0
2013-08-28 20:32:37,0.0
2013-08-28 20:32:47,0.0
2013-08-28 20:32:57,0.0
2013-08-28 20:33:07,0.0
2013-08-28 20:33:17,0.0
2013-08-28 20:33:27,0.0
2013-08-28 20:33:37,0.0
2013-08-28 20:33:47,0.0
2013-08-28 20:33:57,0.0
2013-08-28 20:34:07,0.0
2013-08-28 20:34:17,0.0
2013-08-28 20:34:27,0.0
2013-08-28 20:34:37,0.0
2013-08-28 20:34:47,0.0
2013-08-28 20:34:57,0.0
2013-08-28 20:35:07,0.0
2013-08-28 20:35:17,0.0
2013-08-28 20:35:27,0.0
2013-08-28 20:35:37,0.0
2013-08-28 20:35:47,0.0
2013-08-28 20:35:57,0.0
2013-08-28 20:36:07,0.0
2013-08-28 20:36:17,0.0
2013-08-28 20:36:27,0.0
2013-08-28 20:36:37,0.0
2013-08-28 20:36:47,0.0
2013-08-28 20:36:57,0.0
2013-08-28 20:37:07,0.0
2013-08-28 20:37:17,0.0
2013-08-28 20:37:27,0.0
2013-08-28 20:37:37,0.0
2013-08-28 20:37:47,0.0
2013-08-28 20:37:57,0.0
2013-08-28 20:38:07,0.0
2013-08-28 20:38:17,0.0
2013-08-28 20:38:27,0.0
2013-08-28 20:38:37,0.0
2013-08-28 20:38:47,0.0
2013-08-28 20:38:57,0.0
2013-08-28 20:39:07,0.0
2013-08-28 20:39:17,0.0
2013-08-28 20:39:27,0.0
2013-08-28 20:39:37,0.0
2013-08-28 20:39:47,0.0
2013-08-28 20:39:57,0.0
2013-08-28 20:40:07,0.0
2013-08-28 20:40:17,0.0
2013-08-28 20:40:27,0.0
2013-08-28 20:40:37,0.0
2013-08-28 20:40:47,0.0
2013-08-28 20:40:57,0.0
2013-08-28 20:41:07,0.0
2013-08-28 20:41:17,0.0
2013-08-28 20:41:27,0.0
2013-08-28 20:41:37,0.0
2013-08-28 20:41:47,0.0
2013-08-28 20:41:57,0.0
2013-08-28 20:42:07,0.0
2013-08-28 20:42:17,0.0
2013-08-28 20:42:27,0.0
2013-08-28 20:42:37,0.0
2013-08-28 20:42:47,0.0
2013-08-28 20:42:57,0.0
2013-08-28 20:43:07,0.0
2013-08-28 20:43:17,0.0
2013-08-28 20:43:27,0.0
2013-08-28 20:43:37,0.0
2013-08-28 20:43:47,0.0
2013-08-28 20:43:57,0.0
2013-08-28 20:44:07,0.0
2013-08-28 20:44:17,0.0
2013-08-28 20:44:27,0.0
2013-08-28 20:44:37,0.0
2013-08-28 20:44:47,0.0
2013-08-28 20:44:57,0.0
2013-08-28 20:45:07,0.0
2013-08-28 20:45:17,0.0
2013-08-28 20:45:27,0.0
2013-08-28 20:45:37,0.0
2013-08-28 20:45:47,0.0
2013-08-28 20:45:57,0.0
2013-08-28 20:46:07,0.0
2013-08-28 20:46:17,0.0
2013-08-28 20:46:27,0.0
2013-08-28 20:46:37,0.0
2013-08-28 20:46:47,0.0
2013-08-28 20:46:57,0.0
2013-08-28 20:47:07,0.0
2013-08-28 20:47:17,0.0
2013-08-28 20:47:27,0.0
2013-08-28 20:47:37,0.0
2013-08-28 20:47:47,0.0
2013-08-28 20:47:57,0.0
2013-08-28 20:48:07,0.0
2013-08-28 20:48:17,0.0
2013-08-28 20:48:27,0.0
2013-08-28 20:48:37,0.0
2013-08-28 20:48:47,0.0
2013-08-28 20:48:57,0.0
2013-08-28 20:49:07,0.0
2013-08-28 20:49:17,0.0
2013-08-28 20:49:27,0.0
2013-08-28 20:49:37,0.0
2013-08-28 20:49:47,0.0
2013-08-28 20:49:57,0.0
2013-08-28 20:50:07,0.0
2013-08-28 20:50:17,0.0
2013-08-28 20:50:27,0.0
2013-08-28 20:50:37,0.0
2013-08-28 20:50:47,0.0
2013-08-28 20:50:57,0.0
2013-08-28 20:51:07,0.0
2013-08-28 20:51:17,0.0
2013-08-28 20:51:27,0.0
2013-08-28 20:51:37,0.0
2013-08-28 20:51:47,0.0
2013-08-28 20:51:57,0.0
2013-08-28 20:52:07,0.0
2013-08-28 20:52:17,0.0
2013-08-28 20:52:27,0.0
2013-08-28 20:52:37,0.0
2013-08-28 20:52:47,0.0
2013-08-28 20:52:57,0.0
2013-08-28 20:53:07,0.0
2013-08-28 20:53:17,0.0
2013-08-28 20:53:27,0.0
2013-08-28 20:53:37,0.0
2013-08-28 20:53:47,0.0
2013-08-28 20:53:57,0.0
2013-08-28 20:54:07,0.0
2013-08-28 20:54:17,0.0
2013-08-28 20:54:27,0.0
2013-08-28 20:54:37,0.0
2013-08-28 20:54:47,0.0
2013-08-28 20:54:57,0.0
2013-08-28 20:55:07,0.0
2013-08-28 20:55:17,0.0
2013-08-28 20:55:27,0.0
2013-08-28 20:55:37,0.0
2013-08-28 20:55:47,0.0
2013-08-28 20:55:57,0.0
2013-08-28 20:56:07,0.0
2013-08-28 20:56:17,0.0
2013-08-28 20:56:27,0.0
2013-08-28 20:56:37,0.0
2013-08-28 20:56:47,0.0
2013-08-28 20:56:57,0.0
2013-08-28 20:57:07,0.0
2013-08-28 20:57:17,0.0
2013-08-28 20:57:27,0.0
2013-08-28 20:57:37,0.0
2013-08-28 20:57:47,0.0
2013-08-28 20:57:57,0.0
2013-08-28 20:58:07,0.0
2013-08-28 20:58:17,0.0
2013-08-28 20:58:27,0.0
2013-08-28 20:58:37,0.0
2013-08-28 20:58:47,0.0
2013-08-28 20:58:57,0.0
2013-08-28 20:59:07,0.0
2013-08-28 20:59:17,0.0
2013-08-28 20:59:27,0.0
2013-08-28 20:59:37,0.0
2013-08-28 20:59:47,0.0
2013-08-28 20:59:57,0.0
2013-08-28 21:00:07,0.0
2013-08-28 21:00:17,0.0
2013-08-28 21:00:27,0.0
2013-08-28 21:00:37,0.0
2013-08-28 21:00:47,0.0
2013-08-28 21:00:57,0.0
2013-08-28 21:01:07,0.0
2013-08-28 21:01:17,0.0
2013-08-28 21:01:27,0.0
2013-08-28 21:01:37,0.0
2013-08-28 21:01:47,0.0
2013-08-28 21:01:57,0.0
2013-08-28 21:02:07,0.0
2013-08-28 21:02:17,0.0
2013-08-28 21:02:27,0.0
2013-08-28 21:02:37,0.0
2013-08-28 21:02:47,0.0
2013-08-28 21:02:57,0.0
2013-08-28 21:03:07,0.0
2013-08-28 21:03:17,0.0
2013-08-28 21:03:27,0.0
2013-08-28 21:03:37,0.0
2013-08-28 21:03:47,0.0
2013-08-28 21:03:57,0.0
2013-08-28 21:04:07,0.0
2013-08-28 21:04:17,0.0
2013-08-28 21:04:27,0.0
2013-08-28 21:04:37,0.0
2013-08-28 21:04:47,0.0
2013-08-28 21:04:57,0.0
2013-08-28 21:05:07,0.0
2013-08-28 21:05:17,0.0
2013-08-28 21:05:27,0.0
2013-08-28 21:05:37,0.0
2013-08-28 21:05:47,0.0
2013-08-28 21:05:57,0.0
2013-08-28 21:06:07,0.0
2013-08-28 21:06:17,0.0
2013-08-28 21:06:27,0.0
2013-08-28 21:06:37,0.0
2013-08-28 21:06:47,0.0
2013-08-28 21:06:57,0.0
2013-08-28 21:07:07,0.0
2013-08-28 21:07:17,0.0
2013-08-28 21:07:27,0.0
2013-08-28 21:07:37,0.0
2013-08-28 21:07:47,0.0
2013-08-28 21:07:57,0.0
2013-08-28 21:08:07,0.0
2013-08-28 21:08:17,0.0
2013-08-28 21:08:27,0.0
2013-08-28 21:08:37,0.0
2013-08-28 21:08:47,0.0
2013-08-28 21:08:57,0.0
2013-08-28 21:09:07,0.0
2013-08-28 21:09:17,0.0
2013-08-28 21:09:27,0.0
2013-08-28 21:09:37,0.0
2013-08-28 21:09:47,0.0
2013-08-28 21:09:57,0.0
2013-08-28 21:10:07,0.0
2013-08-28 21:10:17,0.0
2013-08-28 21:10:27,0.0
2013-08-28 21:10:37,0.0
2013-08-28 21:10:47,0.0
2013-08-28 21:10:57,0.0
2013-08-28 21:11:07,0.0
2013-08-28 21:11:17,0.0
2013-08-28 21:11:27,0.0
2013-08-28 21:11:37,0.0
2013-08-28 21:11:47,0.0
2013-08-28 21:11:57,0.0
2013-08-28 21:12:07,0.0
2013-08-28 21:12:17,0.0
2013-08-28 21:12:27,0.0
2013-08-28 21:12:37,0.0
2013-08-28 21:12:47,0.0
2013-08-28 21:12:57,0.0
2013-08-28 21:13:07,0.0
2013-08-28 21:13:17,0.0
2013-08-28 21:13:27,0.0
2013-08-28 21:13:37,0.0
2013-08-28 21:13:47,0.0
2013-08-28 21:13:57,0.0
2013-08-28 21:14:07,0.0
2013-08-28 21:14:17,0.0
2013-08-28 21:14:27,0.0
2013-08-28 21:14:37,0.0
2013-08-28 21:14:47,0.0
2013-08-28 21:14:57,0.0
2013-08-28 21:15:07,0.0
2013-08-28 21:15:17,0.0
2013-08-28 21:15:27,0.0
2013-08-28 21:15:37,0.0
2013-08-28 21:15:47,0.0
2013-08-28 21:15:57,0.0
2013-08-28 21:16:07,0.0
2013-08-28 21:16:17,0.0
2013-08-28 21:16:27,0.0
2013-08-28 21:16:37,0.0
2013-08-28 21:16:47,0.0
2013-08-28 21:16:57,0.0
2013-08-28 21:17:07,0.0
2013-08-28 21:17:17,0.0
2013-08-28 21:17:27,0.0
2013-08-28 21:17:37,0.0
2013-08-28 21:17:47,0.0
2013-08-28 21:17:57,0.0
2013-08-28 21:18:07,0.0
2013-08-28 21:18:17,0.0
2013-08-28 21:18:27,0.0
2013-08-28 21:18:37,0.0
2013-08-28 21:18:47,0.0
2013-08-28 21:18:57,0.0
2013-08-28 21:19:07,0.0
2013-08-28 21:19:17,0.0
2013-08-28 21:19:27,0.0
2013-08-28 21:19:37,0.0
2013-08-28 21:19:47,0.0
2013-08-28 21:19:57,0.0
2013-08-28 21:20:07,0.0
2013-08-28 21:20:17,0.0
2013-08-28 21:20:27,0.0
2013-08-28 21:20:37,0.0
2013-08-28 21:20:47,0.0
2013-08-28 21:20:57,0.0
2013-08-28 21:21:07,0.0
2013-08-28 21:21:17,0.0
2013-08-28 21:21:27,0.0
2013-08-28 21:21:37,0.0
2013-08-28 21:21:47,0.0
2013-08-28 21:21:57,0.0
2013-08-28 21:22:07,0.0
2013-08-28 21:22:17,0.0
2013-08-28 21:22:27,0.0
2013-08-28 21:22:37,0.0
2013-08-28 21:22:47,0.0
2013-08-28 21:22:57,0.0
2013-08-28 21:23:07,0.0
2013-08-28 21:23:17,0.0
2013-08-28 21:23:27,0.0
2013-08-28 21:23:37,0.0
2013-08-28 21:23:47,0.0
2013-08-28 21:23:57,0.0
2013-08-28 21:24:07,0.0
2013-08-28 21:24:17,0.0
2013-08-28 21:24:27,0.0
2013-08-28 21:24:37,0.0
2013-08-28 21:24:47,0.0
2013-08-28 21:24:57,0.0
2013-08-28 21:25:07,0.0
2013-08-28 21:25:17,0.0
2013-08-28 21:25:27,0.0
2013-08-28 21:25:37,0.0
2013-08-28 21:25:47,0.0
2013-08-28 21:25:57,0.0
2013-08-28 21:26:07,0.0
2013-08-28 21:26:17,0.0
2013-08-28 21:26:27,0.0
2013-08-28 21:26:37,0.0
2013-08-28 21:26:47,0.0
2013-08-28 21:26:57,0.0
2013-08-28 21:27:07,0.0
2013-08-28 21:27:17,0.0
2013-08-28 21:27:27,0.0
2013-08-28 21:27:37,0.0
2013-08-28 21:27:47,0.0
2013-08-28 21:27:57,0.0
2013-08-28 21:28:07,0.0
2013-08-28 21:28:17,0.0
2013-08-28 21:28:27,0.0
2013-08-28 21:28:37,0.0
2013-08-28 21:28:47,0.0
2013-08-28 21:28:57,0.0
2013-08-28 21:29:07,0.0
2013-08-28 21:29:17,0.0
2013-08-28 21:29:27,0.0
2013-08-28 21:29:37,0.0
2013-08-28 21:29:47,0.0
2013-08-28 21:29:57,0.0
2013-08-28 21:30:07,0.0
2013-08-28 21:30:17,0.0
2013-08-28 21:30:27,0.0
2013-08-28 21:30:37,0.0
2013-08-28 21:30:47,0.0
2013-08-28 21:30:57,0.0
2013-08-28 21:31:07,0.0
2013-08-28 21:31:17,0.0
2013-08-28 21:31:27,0.0
2013-08-28 21:31:37,0.0
2013-08-28 21:31:47,0.0
2013-08-28 21:31:57,0.0
2013-08-28 21:32:07,0.0
2013-08-28 21:32:17,0.0
2013-08-28 21:32:27,0.0
2013-08-28 21:32:37,0.0
2013-08-28 21:32:47,0.0
2013-08-28 21:32:57,0.0
2013-08-28 21:33:07,0.0
2013-08-28 21:33:17,0.0
2013-08-28 21:33:27,0.0
2013-08-28 21:33:37,0.0
2013-08-28 21:33:47,0.0
2013-08-28 21:33:57,0.0
2013-08-28 21:34:07,0.0
2013-08-28 21:34:17,0.0
2013-08-28 21:34:27,0.0
2013-08-28 21:34:37,0.0
2013-08-28 21:34:47,0.0
2013-08-28 21:34:57,0.0
2013-08-28 21:35:07,0.0
2013-08-28 21:35:17,0.0
2013-08-28 21:35:27,0.0
2013-08-28 21:35:37,0.0
2013-08-28 21:35:47,0.0
2013-08-28 21:35:57,0.0
2013-08-28 21:36:07,0.0
2013-08-28 21:36:17,0.0
2013-08-28 21:36:27,0.0
2013-08-28 21:36:37,0.0
2013-08-28 21:36:47,0.0
2013-08-28 21:36:57,0.0
2013-08-28 21:37:07,0.0
2013-08-28 21:37:17,0.0
2013-08-28 21:37:27,0.0
2013-08-28 21:37:37,0.0
2013-08-28 21:37:47,0.0
2013-08-28 21:37:57,0.0
2013-08-28 21:38:07,0.0
2013-08-28 21:38:17,0.0
2013-08-28 21:38:27,0.0
2013-08-28 21:38:37,0.0
2013-08-28 21:38:47,0.0
2013-08-28 21:38:57,0.0
2013-08-28 21:39:07,0.0
2013-08-28 21:39:17,0.0
2013-08-28 21:39:27,0.0
2013-08-28 21:39:37,0.0
2013-08-28 21:39:47,0.0
2013-08-28 21:39:57,0.0
2013-08-28 21:40:07,0.0
2013-08-28 21:40:17,0.0
2013-08-28 21:40:27,0.0
2013-08-28 21:40:37,0.0
2013-08-28 21:40:47,0.0
2013-08-28 21:40:57,0.0
2013-08-28 21:41:07,0.0
2013-08-28 21:41:17,0.0
2013-08-28 21:41:27,0.0
2013-08-28 21:41:37,0.0
2013-08-28 21:41:47,0.0
2013-08-28 21:41:57,0.0
2013-08-28 21:42:07,0.0
2013-08-28 21:42:17,0.0
2013-08-28 21:42:27,0.0
2013-08-28 21:42:37,0.0
2013-08-28 21:42:47,0.0
2013-08-28 21:42:57,0.0
2013-08-28 21:43:07,0.0
2013-08-28 21:43:17,0.0
2013-08-28 21:43:27,0.0
2013-08-28 21:43:37,0.0
2013-08-28 21:43:47,0.0
2013-08-28 21:43:57,0.0
2013-08-28 21:44:07,0.0
2013-08-28 21:44:17,0.0
2013-08-28 21:44:27,0.0
2013-08-28 21:44:37,0.0
2013-08-28 21:44:47,0.0
2013-08-28 21:44:57,0.0
2013-08-28 21:45:07,0.0
2013-08-28 21:45:17,0.0
2013-08-28 21:45:27,0.0
2013-08-28 21:45:37,0.0
2013-08-28 21:45:47,0.0
2013-08-28 21:45:57,0.0
2013-08-28 21:46:07,0.0
2013-08-28 21:46:17,0.0
2013-08-28 21:46:27,0.0
2013-08-28 21:46:37,0.0
2013-08-28 21:46:47,0.0
2013-08-28 21:46:57,0.0
2013-08-28 21:47:07,0.0
2013-08-28 21:47:17,0.0
2013-08-28 21:47:27,0.0
2013-08-28 21:47:37,0.0
2013-08-28 21:47:47,0.0
2013-08-28 21:47:57,0.0
2013-08-28 21:48:07,0.0
2013-08-28 21:48:17,0.0
2013-08-28 21:48:27,0.0
2013-08-28 21:48:37,0.0
2013-08-28 21:48:47,0.0
2013-08-28 21:48:57,0.0
2013-08-28 21:49:07,0.0
2013-08-28 21:49:17,0.0
2013-08-28 21:49:27,0.0
2013-08-28 21:49:37,0.0
2013-08-28 21:49:47,0.0
2013-08-28 21:49:57,0.0
2013-08-28 21:50:07,0.0
2013-08-28 21:50:17,0.0
2013-08-28 21:50:27,0.0
2013-08-28 21:50:37,0.0
2013-08-28 21:50:47,0.0
2013-08-28 21:50:57,0.0
2013-08-28 21:51:07,0.0
2013-08-28 21:51:17,0.0
2013-08-28 21:51:27,0.0
2013-08-28 21:51:37,0.0
2013-08-28 21:51:47,0.0
2013-08-28 21:51:57,0.0
2013-08-28 21:52:07,0.0
2013-08-28 21:52:17,0.0
2013-08-28 21:52:27,0.0
2013-08-28 21:52:37,0.0
2013-08-28 21:52:47,0.0
2013-08-28 21:52:57,0.0
2013-08-28 21:53:07,0.0
2013-08-28 21:53:17,0.0
2013-08-28 21:53:27,0.0
2013-08-28 21:53:37,0.0
2013-08-28 21:53:47,0.0
2013-08-28 21:53:57,0.0
2013-08-28 21:54:07,0.0
2013-08-28 21:54:17,0.0
2013-08-28 21:54:27,0.0
2013-08-28 21:54:37,0.0
2013-08-28 21:54:47,0.0
2013-08-28 21:54:57,0.0
2013-08-28 21:55:07,0.0
2013-08-28 21:55:17,0.0
2013-08-28 21:55:27,0.0
2013-08-28 21:55:37,0.0
2013-08-28 21:55:47,0.0
2013-08-28 21:55:57,0.0
2013-08-28 21:56:07,0.0
2013-08-28 21:56:17,0.0
2013-08-28 21:56:27,0.0
2013-08-28 21:56:37,0.0
2013-08-28 21:56:47,0.0
2013-08-28 21:56:57,0.0
2013-08-28 21:57:07,0.0
2013-08-28 21:57:17,0.0
2013-08-28 21:57:27,0.0
2013-08-28 21:57:37,0.0
2013-08-28 21:57:47,0.0
2013-08-28 21:57:57,0.0
2013-08-28 21:58:07,0.0
2013-08-28 21:58:17,0.0
2013-08-28 21:58:27,0.0
2013-08-28 21:58:37,0.0
2013-08-28 21:58:47,0.0
2013-08-28 21:58:57,0.0
2013-08-28 21:59:07,0.0
2013-08-28 21:59:17,0.0
2013-08-28 21:59:27,0.0
2013-08-28 21:59:37,0.0
2013-08-28 21:59:47,0.0
2013-08-28 21:59:57,0.0
2013-08-28 22:00:07,0.0
2013-08-28 22:00:17,0.0
2013-08-28 22:00:27,0.0
2013-08-28 22:00:37,0.0
2013-08-28 22:00:47,0.0
2013-08-28 22:00:57,0.0
2013-08-28 22:01:07,0.0
2013-08-28 22:01:17,0.0
2013-08-28 22:01:27,0.0
2013-08-28 22:01:37,0.0
2013-08-28 22:01:47,0.0
2013-08-28 22:01:57,0.0
2013-08-28 22:02:07,0.0
2013-08-28 22:02:17,0.0
2013-08-28 22:02:27,0.0
2013-08-28 22:02:37,0.0
2013-08-28 22:02:47,0.0
2013-08-28 22:02:57,0.0
2013-08-28 22:03:07,0.0
2013-08-28 22:03:17,0.0
2013-08-28 22:03:27,0.0
2013-08-28 22:03:37,0.0
2013-08-28 22:03:47,0.0
2013-08-28 22:03:57,0.0
2013-08-28 22:04:07,0.0
2013-08-28 22:04:17,0.0
2013-08-28 22:04:27,0.0
2013-08-28 22:04:37,0.0
2013-08-28 22:04:47,0.0
2013-08-28 22:04:57,0.0
2013-08-28 22:05:07,0.0
2013-08-28 22:05:17,0.0
2013-08-28 22:05:27,0.0
2013-08-28 22:05:37,0.0
2013-08-28 22:05:47,0.0
2013-08-28 22:05:57,0.0
2013-08-28 22:06:07,0.0
2013-08-28 22:06:17,0.0
2013-08-28 22:06:27,0.0
2013-08-28 22:06:37,0.0
2013-08-28 22:06:47,0.0
2013-08-28 22:06:57,0.0
2013-08-28 22:07:07,0.0
2013-08-28 22:07:17,0.0
2013-08-28 22:07:27,0.0
2013-08-28 22:07:37,0.0
2013-08-28 22:07:47,0.0
2013-08-28 22:07:57,0.0
2013-08-28 22:08:07,0.0
2013-08-28 22:08:17,0.0
2013-08-28 22:08:27,0.0
2013-08-28 22:08:37,0.0
2013-08-28 22:08:47,0.0
2013-08-28 22:08:57,0.0
2013-08-28 22:09:07,0.0
2013-08-28 22:09:17,0.0
2013-08-28 22:09:27,0.0
2013-08-28 22:09:37,0.0
2013-08-28 22:09:47,0.0
2013-08-28 22:09:57,0.0
2013-08-28 22:10:07,0.0
2013-08-28 22:10:17,0.0
2013-08-28 22:10:27,0.0
2013-08-28 22:10:37,0.0
2013-08-28 22:10:47,0.0
2013-08-28 22:10:57,0.0
2013-08-28 22:11:07,0.0
2013-08-28 22:11:17,0.0
2013-08-28 22:11:27,0.0
2013-08-28 22:11:37,0.0
2013-08-28 22:11:47,0.0
2013-08-28 22:11:57,0.0
2013-08-28 22:12:07,0.0
2013-08-28 22:12:17,0.0
2013-08-28 22:12:27,0.0
2013-08-28 22:12:37,0.0
2013-08-28 22:12:47,0.0
2013-08-28 22:12:57,0.0
2013-08-28 22:13:07,0.0
2013-08-28 22:13:17,0.0
2013-08-28 22:13:27,0.0
2013-08-28 22:13:37,0.0
2013-08-28 22:13:47,0.0
2013-08-28 22:13:57,0.0
2013-08-28 22:14:07,0.0
2013-08-28 22:14:17,0.0
2013-08-28 22:14:27,0.0
2013-08-28 22:14:37,0.0
2013-08-28 22:14:47,0.0
2013-08-28 22:14:57,0.0
2013-08-28 22:15:07,0.0
2013-08-28 22:15:17,0.0
2013-08-28 22:15:27,0.0
2013-08-28 22:15:37,0.0
2013-08-28 22:15:47,0.0
2013-08-28 22:15:57,0.0
2013-08-28 22:16:07,0.0
2013-08-28 22:16:17,0.0
2013-08-28 22:16:27,0.0
2013-08-28 22:16:37,0.0
2013-08-28 22:16:47,0.0
2013-08-28 22:16:57,0.0
2013-08-28 22:17:07,0.0
2013-08-28 22:17:17,0.0
2013-08-28 22:17:27,0.0
2013-08-28 22:17:37,0.0
2013-08-28 22:17:47,0.0
2013-08-28 22:17:57,0.0
2013-08-28 22:18:07,0.0
2013-08-28 22:18:17,0.0
2013-08-28 22:18:27,0.0
2013-08-28 22:18:37,0.0
2013-08-28 22:18:47,0.0
2013-08-28 22:18:57,0.0
2013-08-28 22:19:07,0.0
2013-08-28 22:19:17,0.0
2013-08-28 22:19:27,0.0
2013-08-28 22:19:37,0.0
2013-08-28 22:19:47,0.0
2013-08-28 22:19:57,0.0
2013-08-28 22:20:07,0.0
2013-08-28 22:20:17,0.0
2013-08-28 22:20:27,0.0
2013-08-28 22:20:37,0.0
2013-08-28 22:20:47,0.0
2013-08-28 22:20:57,0.0
2013-08-28 22:21:07,0.0
2013-08-28 22:21:17,0.0
2013-08-28 22:21:27,0.0
2013-08-28 22:21:37,0.0
2013-08-28 22:21:47,0.0
2013-08-28 22:21:57,0.0
2013-08-28 22:22:07,0.0
2013-08-28 22:22:17,0.0
2013-08-28 22:22:27,0.0
2013-08-28 22:22:37,0.0
2013-08-28 22:22:47,0.0
2013-08-28 22:22:57,0.0
2013-08-28 22:23:07,0.0
2013-08-28 22:23:17,0.0
2013-08-28 22:23:27,0.0
2013-08-28 22:23:37,0.0
2013-08-28 22:23:47,0.0
2013-08-28 22:23:57,0.0
2013-08-28 22:24:07,0.0
2013-08-28 22:24:17,0.0
2013-08-28 22:24:27,0.0
2013-08-28 22:24:37,0.0
2013-08-28 22:24:47,0.0
2013-08-28 22:24:57,0.0
2013-08-28 22:25:07,0.0
2013-08-28 22:25:17,0.0
2013-08-28 22:25:27,0.0
2013-08-28 22:25:37,0.0
2013-08-28 22:25:47,0.0
2013-08-28 22:25:57,0.0
2013-08-28 22:26:07,0.0
2013-08-28 22:26:17,0.0
2013-08-28 22:26:27,0.0
2013-08-28 22:26:37,0.0
2013-08-28 22:26:47,0.0
2013-08-28 22:26:57,0.0
2013-08-28 22:27:07,0.0
2013-08-28 22:27:17,0.0
2013-08-28 22:27:27,0.0
2013-08-28 22:27:37,0.0
2013-08-28 22:27:47,0.0
2013-08-28 22:27:57,0.0
2013-08-28 22:28:07,0.0
2013-08-28 22:28:17,0.0
2013-08-28 22:28:27,0.0
2013-08-28 22:28:37,0.0
2013-08-28 22:28:47,0.0
2013-08-28 22:28:57,0.0
2013-08-28 22:29:07,0.0
2013-08-28 22:29:17,0.0
2013-08-28 22:29:27,0.0
2013-08-28 22:29:37,0.0
2013-08-28 22:29:47,0.0
2013-08-28 22:29:57,0.0
2013-08-28 22:30:07,0.0
2013-08-28 22:30:17,0.0
2013-08-28 22:30:27,0.0
2013-08-28 22:30:37,0.0
2013-08-28 22:30:47,0.0
2013-08-28 22:30:57,0.0
2013-08-28 22:31:07,0.0
2013-08-28 22:31:17,0.0
2013-08-28 22:31:27,0.0
2013-08-28 22:31:37,0.0
2013-08-28 22:31:47,0.0
2013-08-28 22:31:57,0.0
2013-08-28 22:32:07,0.0
2013-08-28 22:32:17,0.0
2013-08-28 22:32:27,0.0
2013-08-28 22:32:37,0.0
2013-08-28 22:32:47,0.0
2013-08-28 22:32:57,0.0
2013-08-28 22:33:07,0.0
2013-08-28 22:33:17,0.0
2013-08-28 22:33:27,0.0
2013-08-28 22:33:37,0.0
2013-08-28 22:33:47,0.0
2013-08-28 22:33:57,0.0
2013-08-28 22:34:07,0.0
2013-08-28 22:34:17,0.0
2013-08-28 22:34:27,0.0
2013-08-28 22:34:37,0.0
2013-08-28 22:34:47,0.0
2013-08-28 22:34:57,0.0
2013-08-28 22:35:07,0.0
2013-08-28 22:35:17,0.0
2013-08-28 22:35:27,0.0
2013-08-28 22:35:37,0.0
2013-08-28 22:35:47,0.0
2013-08-28 22:35:57,0.0
2013-08-28 22:36:07,0.0
2013-08-28 22:36:17,0.0
2013-08-28 22:36:27,0.0
2013-08-28 22:36:37,0.0
2013-08-28 22:36:47,0.0
2013-08-28 22:36:57,0.0
2013-08-28 22:37:07,0.0
2013-08-28 22:37:17,0.0
2013-08-28 22:37:27,0.0
2013-08-28 22:37:37,0.0
2013-08-28 22:37:47,0.0
2013-08-28 22:37:57,0.0
2013-08-28 22:38:07,0.0
2013-08-28 22:38:17,0.0
2013-08-28 22:38:27,0.0
2013-08-28 22:38:37,0.0
2013-08-28 22:38:47,0.0
2013-08-28 22:38:57,0.0
2013-08-28 22:39:07,0.0
2013-08-28 22:39:17,0.0
2013-08-28 22:39:27,0.0
2013-08-28 22:39:37,0.0
2013-08-28 22:39:47,0.0
2013-08-28 22:39:57,0.0
2013-08-28 22:40:07,0.0
2013-08-28 22:40:17,0.0
2013-08-28 22:40:27,0.0
2013-08-28 22:40:37,0.0
2013-08-28 22:40:47,0.0
2013-08-28 22:40:57,0.0
2013-08-28 22:41:07,0.0
2013-08-28 22:41:17,0.0
2013-08-28 22:41:27,0.0
2013-08-28 22:41:37,0.0
2013-08-28 22:41:47,0.0
2013-08-28 22:41:57,0.0
2013-08-28 22:42:07,0.0
2013-08-28 22:42:17,0.0
2013-08-28 22:42:27,0.0
2013-08-28 22:42:37,0.0
2013-08-28 22:42:47,0.0
2013-08-28 22:42:57,0.0
2013-08-28 22:43:07,0.0
2013-08-28 22:43:17,0.0
2013-08-28 22:43:27,0.0
2013-08-28 22:43:37,0.0
2013-08-28 22:43:47,0.0
2013-08-28 22:43:57,0.0
2013-08-28 22:44:07,0.0
2013-08-28 22:44:17,0.0
2013-08-28 22:44:27,0.0
2013-08-28 22:44:37,0.0
2013-08-28 22:44:47,0.0
2013-08-28 22:44:57,0.0
2013-08-28 22:45:07,0.0
2013-08-28 22:45:17,0.0
2013-08-28 22:45:27,0.0
2013-08-28 22:45:37,0.0
2013-08-28 22:45:47,0.0
2013-08-28 22:45:57,0.0
2013-08-28 22:46:07,0.0
2013-08-28 22:46:17,0.0
2013-08-28 22:46:27,0.0
2013-08-28 22:46:37,0.0
2013-08-28 22:46:47,0.0
2013-08-28 22:46:57,0.0
2013-08-28 22:47:07,0.0
2013-08-28 22:47:17,0.0
2013-08-28 22:47:27,0.0
2013-08-28 22:47:37,0.0
2013-08-28 22:47:47,0.0
2013-08-28 22:47:57,0.0
2013-08-28 22:48:07,0.0
2013-08-28 22:48:17,0.0
2013-08-28 22:48:27,0.0
2013-08-28 22:48:37,0.0
2013-08-28 22:48:47,0.0
2013-08-28 22:48:57,0.0
2013-08-28 22:49:07,0.0
2013-08-28 22:49:17,0.0
2013-08-28 22:49:27,0.0
2013-08-28 22:49:37,0.0
2013-08-28 22:49:47,0.0
2013-08-28 22:49:57,0.0
2013-08-28 22:50:07,0.0
2013-08-28 22:50:17,0.0
2013-08-28 22:50:27,0.0
2013-08-28 22:50:37,0.0
2013-08-28 22:50:47,0.0
2013-08-28 22:50:57,0.0
2013-08-28 22:51:07,0.0
2013-08-28 22:51:17,0.0
2013-08-28 22:51:27,0.0
2013-08-28 22:51:37,0.0
2013-08-28 22:51:47,0.0
2013-08-28 22:51:57,0.0
2013-08-28 22:52:07,0.0
2013-08-28 22:52:17,0.0
2013-08-28 22:52:27,0.0
2013-08-28 22:52:37,0.0
2013-08-28 22:52:47,0.0
2013-08-28 22:52:57,0.0
2013-08-28 22:53:07,0.0
2013-08-28 22:53:17,0.0
2013-08-28 22:53:27,0.0
2013-08-28 22:53:37,0.0
2013-08-28 22:53:47,0.0
2013-08-28 22:53:57,0.0
2013-08-28 22:54:07,0.0
2013-08-28 22:54:17,0.0
2013-08-28 22:54:27,0.0
2013-08-28 22:54:37,0.0
2013-08-28 22:54:47,0.0
2013-08-28 22:54:57,0.0
2013-08-28 22:55:07,0.0
2013-08-28 22:55:17,0.0
2013-08-28 22:55:27,0.0
2013-08-28 22:55:37,0.0
2013-08-28 22:55:47,0.0
2013-08-28 22:55:57,0.0
2013-08-28 22:56:07,0.0
2013-08-28 22:56:17,0.0
2013-08-28 22:56:27,0.0
2013-08-28 22:56:37,0.0
2013-08-28 22:56:47,0.0
2013-08-28 22:56:57,0.0
2013-08-28 22:57:07,0.0
2013-08-28 22:57:17,0.0
2013-08-28 22:57:27,0.0
2013-08-28 22:57:37,0.0
2013-08-28 22:57:47,0.0
2013-08-28 22:57:57,0.0
2013-08-28 22:58:07,0.0
2013-08-28 22:58:17,0.0
2013-08-28 22:58:27,0.0
2013-08-28 22:58:37,0.0
2013-08-28 22:58:47,0.0
2013-08-28 22:58:57,0.0
2013-08-28 22:59:07,0.0
2013-08-28 22:59:17,0.0
2013-08-28 22:59:27,0.0
2013-08-28 22:59:37,0.0
2013-08-28 22:59:47,0.0
2013-08-28 22:59:57,0.0
2013-08-28 23:00:07,0.0
2013-08-28 23:00:17,0.0
2013-08-28 23:00:27,0.0
2013-08-28 23:00:37,0.0
2013-08-28 23:00:47,0.0
2013-08-28 23:00:57,0.0
2013-08-28 23:01:07,0.0
2013-08-28 23:01:17,0.0
2013-08-28 23:01:27,0.0
2013-08-28 23:01:37,0.0
2013-08-28 23:01:47,0.0
2013-08-28 23:01:57,0.0
2013-08-28 23:02:07,0.0
2013-08-28 23:02:17,0.0
2013-08-28 23:02:27,0.0
2013-08-28 23:02:37,0.0
2013-08-28 23:02:47,0.0
2013-08-28 23:02:57,0.0
2013-08-28 23:03:07,0.0
2013-08-28 23:03:17,0.0
2013-08-28 23:03:27,0.0
2013-08-28 23:03:37,0.0
2013-08-28 23:03:47,0.0
2013-08-28 23:03:57,0.0
2013-08-28 23:04:07,0.0
2013-08-28 23:04:17,0.0
2013-08-28 23:04:27,0.0
2013-08-28 23:04:37,0.0
2013-08-28 23:04:47,0.0
2013-08-28 23:04:57,0.0
2013-08-28 23:05:07,0.0
2013-08-28 23:05:17,0.0
2013-08-28 23:05:27,0.0
2013-08-28 23:05:37,0.0
2013-08-28 23:05:47,0.0
2013-08-28 23:05:57,0.0
2013-08-28 23:06:07,0.0
2013-08-28 23:06:17,0.0
2013-08-28 23:06:27,0.0
2013-08-28 23:06:37,0.0
2013-08-28 23:06:47,0.0
2013-08-28 23:06:57,0.0
2013-08-28 23:07:07,0.0
2013-08-28 23:07:17,0.0
2013-08-28 23:07:27,0.0
2013-08-28 23:07:37,0.0
2013-08-28 23:07:47,0.0
2013-08-28 23:07:57,0.0
2013-08-28 23:08:07,0.0
2013-08-28 23:08:17,0.0
2013-08-28 23:08:27,0.0
2013-08-28 23:08:37,0.0
2013-08-28 23:08:47,0.0
2013-08-28 23:08:57,0.0
2013-08-28 23:09:07,0.0
2013-08-28 23:09:17,0.0
2013-08-28 23:09:27,0.0
2013-08-28 23:09:37,0.0
2013-08-28 23:09:47,0.0
2013-08-28 23:09:57,0.0
2013-08-28 23:10:07,0.0
2013-08-28 23:10:17,0.0
2013-08-28 23:10:27,0.0
2013-08-28 23:10:37,0.0
2013-08-28 23:10:47,0.0
2013-08-28 23:10:57,0.0
2013-08-28 23:11:07,0.0
2013-08-28 23:11:17,0.0
2013-08-28 23:11:27,0.0
2013-08-28 23:11:37,0.0
2013-08-28 23:11:47,0.0
2013-08-28 23:11:57,0.0
2013-08-28 23:12:07,0.0
2013-08-28 23:12:17,0.0
2013-08-28 23:12:27,0.0
2013-08-28 23:12:37,0.0
2013-08-28 23:12:47,0.0
2013-08-28 23:12:57,0.0
2013-08-28 23:13:07,0.0
2013-08-28 23:13:17,0.0
2013-08-28 23:13:27,0.0
2013-08-28 23:13:37,0.0
2013-08-28 23:13:47,0.0
2013-08-28 23:13:57,0.0
2013-08-28 23:14:07,0.0
2013-08-28 23:14:17,0.0
2013-08-28 23:14:27,0.0
2013-08-28 23:14:37,0.0
2013-08-28 23:14:47,0.0
2013-08-28 23:14:57,0.0
2013-08-28 23:15:07,0.0
2013-08-28 23:15:17,0.0
2013-08-28 23:15:27,0.0
2013-08-28 23:15:37,0.0
2013-08-28 23:15:47,0.0
2013-08-28 23:15:57,0.0
2013-08-28 23:16:07,0.0
2013-08-28 23:16:17,0.0
2013-08-28 23:16:27,0.0
2013-08-28 23:16:37,0.0
2013-08-28 23:16:47,0.0
2013-08-28 23:16:57,0.0
2013-08-28 23:17:07,0.0
2013-08-28 23:17:17,0.0
2013-08-28 23:17:27,0.0
2013-08-28 23:17:37,0.0
2013-08-28 23:17:47,0.0
2013-08-28 23:17:57,0.0
2013-08-28 23:18:07,0.0
2013-08-28 23:18:17,0.0
2013-08-28 23:18:27,0.0
2013-08-28 23:18:37,0.0
2013-08-28 23:18:47,0.0
2013-08-28 23:18:57,0.0
2013-08-28 23:19:07,0.0
2013-08-28 23:19:17,0.0
2013-08-28 23:19:27,0.0
2013-08-28 23:19:37,0.0
2013-08-28 23:19:47,0.0
2013-08-28 23:19:57,0.0
2013-08-28 23:20:07,0.0
2013-08-28 23:20:17,0.0
2013-08-28 23:20:27,0.0
2013-08-28 23:20:37,0.0
2013-08-28 23:20:47,0.0
2013-08-28 23:20:57,0.0
2013-08-28 23:21:07,0.0
2013-08-28 23:21:17,0.0
2013-08-28 23:21:27,0.0
2013-08-28 23:21:37,0.0
2013-08-28 23:21:47,0.0
2013-08-28 23:21:57,0.0
2013-08-28 23:22:07,0.0
2013-08-28 23:22:17,0.0
2013-08-28 23:22:27,0.0
2013-08-28 23:22:37,0.0
2013-08-28 23:22:47,0.0
2013-08-28 23:22:57,0.0
2013-08-28 23:23:07,0.0
2013-08-28 23:23:17,0.0
2013-08-28 23:23:27,0.0
2013-08-28 23:23:37,0.0
2013-08-28 23:23:47,0.0
2013-08-28 23:23:57,0.0
2013-08-28 23:24:07,0.0
2013-08-28 23:24:17,0.0
2013-08-28 23:24:27,0.0
2013-08-28 23:24:37,0.0
2013-08-28 23:24:47,0.0
2013-08-28 23:24:57,0.0
2013-08-28 23:25:07,0.0
2013-08-28 23:25:17,0.0
2013-08-28 23:25:27,0.0
2013-08-28 23:25:37,0.0
2013-08-28 23:25:47,0.0
2013-08-28 23:25:57,0.0
2013-08-28 23:26:07,0.0
2013-08-28 23:26:17,0.0
2013-08-28 23:26:27,0.0
2013-08-28 23:26:37,0.0
2013-08-28 23:26:47,0.0
2013-08-28 23:26:57,0.0
2013-08-28 23:27:07,0.0
2013-08-28 23:27:17,0.0
2013-08-28 23:27:27,0.0
2013-08-28 23:27:37,0.0
2013-08-28 23:27:47,0.0
2013-08-28 23:27:57,0.0
2013-08-28 23:28:07,0.0
2013-08-28 23:28:17,0.0
2013-08-28 23:28:27,0.0
2013-08-28 23:28:37,0.0
2013-08-28 23:28:47,0.0
2013-08-28 23:28:57,0.0
2013-08-28 23:29:07,0.0
2013-08-28 23:29:17,0.0
2013-08-28 23:29:27,0.0
2013-08-28 23:29:37,0.0
2013-08-28 23:29:47,0.0
2013-08-28 23:29:57,0.0
2013-08-28 23:30:07,0.0
2013-08-28 23:30:17,0.0
2013-08-28 23:30:27,0.0
2013-08-28 23:30:37,0.0
2013-08-28 23:30:47,0.0
2013-08-28 23:30:57,0.0
2013-08-28 23:31:07,0.0
2013-08-28 23:31:17,0.0
2013-08-28 23:31:27,0.0
2013-08-28 23:31:37,0.0
2013-08-28 23:31:47,0.0
2013-08-28 23:31:57,0.0
2013-08-28 23:32:07,0.0
2013-08-28 23:32:17,0.0
2013-08-28 23:32:27,0.0
2013-08-28 23:32:37,0.0
2013-08-28 23:32:47,0.0
2013-08-28 23:32:57,0.0
2013-08-28 23:33:07,0.0
2013-08-28 23:33:17,0.0
2013-08-28 23:33:27,0.0
2013-08-28 23:33:37,0.0
2013-08-28 23:33:47,0.0
2013-08-28 23:33:57,0.0
2013-08-28 23:34:07,0.0
2013-08-28 23:34:17,0.0
2013-08-28 23:34:27,0.0
2013-08-28 23:34:37,0.0
2013-08-28 23:34:47,0.0
2013-08-28 23:34:57,0.0
2013-08-28 23:35:07,0.0
2013-08-28 23:35:17,0.0
2013-08-28 23:35:27,0.0
2013-08-28 23:35:37,0.0
2013-08-28 23:35:47,0.0
2013-08-28 23:35:57,0.0
2013-08-28 23:36:07,0.0
2013-08-28 23:36:17,0.0
2013-08-28 23:36:27,0.0
2013-08-28 23:36:37,0.0
2013-08-28 23:36:47,0.0
2013-08-28 23:36:57,0.0
2013-08-28 23:37:07,0.0
2013-08-28 23:37:17,0.0
2013-08-28 23:37:27,0.0
2013-08-28 23:37:37,0.0
2013-08-28 23:37:47,0.0
2013-08-28 23:37:57,0.0
2013-08-28 23:38:07,0.0
2013-08-28 23:38:17,0.0
2013-08-28 23:38:27,0.0
2013-08-28 23:38:37,0.0
2013-08-28 23:38:47,0.0
2013-08-28 23:38:57,0.0
2013-08-28 23:39:07,0.0
2013-08-28 23:39:17,0.0
2013-08-28 23:39:27,0.0
2013-08-28 23:39:37,0.0
2013-08-28 23:39:47,0.0
2013-08-28 23:39:57,0.0
2013-08-28 23:40:07,0.0
2013-08-28 23:40:17,0.0
2013-08-28 23:40:27,0.0
2013-08-28 23:40:37,0.0
2013-08-28 23:40:47,0.0
2013-08-28 23:40:57,0.0
2013-08-28 23:41:07,0.0
2013-08-28 23:41:17,0.0
2013-08-28 23:41:27,0.0
2013-08-28 23:41:37,0.0
2013-08-28 23:41:47,0.0
2013-08-28 23:41:57,0.0
2013-08-28 23:42:07,0.0
2013-08-28 23:42:17,0.0
2013-08-28 23:42:27,0.0
2013-08-28 23:42:37,0.0
2013-08-28 23:42:47,0.0
2013-08-28 23:42:57,0.0
2013-08-28 23:43:07,0.0
2013-08-28 23:43:17,0.0
2013-08-28 23:43:27,0.0
2013-08-28 23:43:37,0.0
2013-08-28 23:43:47,0.0
2013-08-28 23:43:57,0.0
2013-08-28 23:44:07,0.0
2013-08-28 23:44:17,0.0
2013-08-28 23:44:27,0.0
2013-08-28 23:44:37,0.0
2013-08-28 23:44:47,0.0
2013-08-28 23:44:57,0.0
2013-08-28 23:45:07,0.0
2013-08-28 23:45:17,0.0
2013-08-28 23:45:27,0.0
2013-08-28 23:45:37,0.0
2013-08-28 23:45:47,0.0
2013-08-28 23:45:57,0.0
2013-08-28 23:46:07,0.0
2013-08-28 23:46:17,0.0
2013-08-28 23:46:27,0.0
2013-08-28 23:46:37,0.0
2013-08-28 23:46:47,0.0
2013-08-28 23:46:57,0.0
2013-08-28 23:47:07,0.0
2013-08-28 23:47:17,0.0
2013-08-28 23:47:27,0.0
2013-08-28 23:47:37,0.0
2013-08-28 23:47:47,0.0
2013-08-28 23:47:57,0.0
2013-08-28 23:48:07,0.0
2013-08-28 23:48:17,0.0
2013-08-28 23:48:27,0.0
2013-08-28 23:48:37,0.0
2013-08-28 23:48:47,0.0
2013-08-28 23:48:57,0.0
2013-08-28 23:49:07,0.0
2013-08-28 23:49:17,0.0
2013-08-28 23:49:27,0.0
2013-08-28 23:49:37,0.0
2013-08-28 23:49:48,0.0
2013-08-28 23:49:57,0.0
2013-08-28 23:50:07,0.0
2013-08-28 23:50:17,0.0
2013-08-28 23:50:27,0.0
2013-08-28 23:50:37,0.0
2013-08-28 23:50:47,0.0
2013-08-28 23:50:57,0.0
2013-08-28 23:51:07,0.0
2013-08-28 23:51:17,0.0
2013-08-28 23:51:27,0.0
2013-08-28 23:51:37,0.0
2013-08-28 23:51:47,0.0
2013-08-28 23:51:57,0.0
2013-08-28 23:52:07,0.0
2013-08-28 23:52:17,0.0
2013-08-28 23:52:27,0.0
2013-08-28 23:52:37,0.0
2013-08-28 23:52:47,0.0
2013-08-28 23:52:57,0.0
2013-08-28 23:53:07,0.0
2013-08-28 23:53:17,0.0
2013-08-28 23:53:27,0.0
2013-08-28 23:53:37,0.0
2013-08-28 23:53:47,0.0
2013-08-28 23:53:57,0.0
2013-08-28 23:54:07,0.0
2013-08-28 23:54:17,0.0
2013-08-28 23:54:27,0.0
2013-08-28 23:54:37,0.0
2013-08-28 23:54:47,0.0
2013-08-28 23:54:57,0.0
2013-08-28 23:55:07,0.0
2013-08-28 23:55:17,0.0
2013-08-28 23:55:27,0.0
2013-08-28 23:55:37,0.0
2013-08-28 23:55:47,0.0
2013-08-28 23:55:57,0.0
2013-08-28 23:56:07,0.0
2013-08-28 23:56:17,0.0
2013-08-28 23:56:27,0.0
2013-08-28 23:56:37,0.0
2013-08-28 23:56:47,0.0
2013-08-28 23:56:57,0.0
2013-08-28 23:57:07,0.0
2013-08-28 23:57:17,0.0
2013-08-28 23:57:27,0.0
2013-08-28 23:57:37,0.0
2013-08-28 23:57:47,0.0
2013-08-28 23:57:57,0.0
2013-08-28 23:58:07,0.0
2013-08-28 23:58:17,0.0
2013-08-28 23:58:27,0.0
2013-08-28 23:58:37,0.0
2013-08-28 23:58:47,0.0
2013-08-28 23:58:57,0.0
2013-08-28 23:59:07,0.0
2013-08-28 23:59:17,0.0
2013-08-28 23:59:27,0.0
2013-08-28 23:59:37,0.0
2013-08-28 23:59:47,0.0
2013-08-28 23:59:57,0.0
